0.000000000000000000e+00,-1.734723475976807094e-16,0.000000000000000000e+00,0.000000000000000000e+00,0.000000000000000000e+00,0.000000000000000000e+00,0.000000000000000000e+00,0.000000000000000000e+00,1.110223024625156540e-16,0.000000000000000000e+00,0.000000000000000000e+00,1.387778780781445676e-16
1.935118731921644269e-15,1.929459981236243855e-03,1.016769869916974429e-08,-1.784332145729372490e-04,4.808452535534238841e-05,-9.969882450602086466e-05,5.844268021587024361e-05,4.998531810783141742e-06,3.696160764135972683e-11,2.198573656537712200e-11,3.948281080869965453e-07,-1.110207976634041271e-15
1.935118731921644269e-15,1.187619130223200930e-03,3.099963534001369088e-09,-5.316584493126058094e-05,-1.986254338161816773e-05,-3.403422029319951437e-05,-3.054796964677523061e-05,3.936516059125820055e-05,-1.710813948484165189e-10,5.444083597126674668e-12,9.174061460424757936e-08,-1.526515277463851500e-15
-1.290079154614433785e-15,2.431955047303191496e-04,4.021215741813435236e-10,1.622315236857963189e-04,-7.738930382947514287e-05,-1.365961656878622658e-05,-9.789190183513044681e-05,2.344624086263338866e-05,-9.368507853912415489e-10,-7.667874076134469699e-11,-2.612081698858552694e-08,-1.526494587633273162e-15
-5.528910662633283003e-16,-3.017187322561829628e-04,-3.190549849797483297e-09,1.348360103270697169e-03,-3.395218174786045207e-04,4.532374498828215046e-05,-3.169965419417318866e-04,-6.616640761555998786e-05,-5.543253162916925743e-09,-7.202564222795974048e-10,-2.658904936872653766e-07,-1.915030890690162452e-14
-2.211564265053312314e-16,-5.595701922401519765e-04,9.425651812696803198e-09,1.709589852791700178e-03,-3.522014557935734141e-04,2.075250152773955488e-04,-7.467420737439480686e-05,-3.877252535036334008e-04,-6.661032489431096432e-09,-2.006902245613407922e-09,-3.124502535779913941e-07,-1.003296064184797751e-13
3.685940441755518551e-16,-5.460168594193988987e-04,2.113343465599509253e-08,1.926519952132946939e-03,-3.654019489981375130e-04,2.733921124954575709e-04,5.836793341837169470e-05,-4.818075446316691401e-04,-7.678321344644101516e-09,-3.149536890832319746e-09,-3.188610646957368018e-07,-1.858084678511606436e-13
4.739066282257094927e-16,-4.915871930527177273e-04,3.161325953987043797e-08,2.070989278126226553e-03,-3.798886815590712170e-04,2.987106676258939587e-04,1.315860664743696525e-04,-4.865735196976131959e-04,-8.642153273003435181e-09,-4.200377526448052829e-09,-3.165352271240254739e-07,-2.880755424844071729e-13
-5.528910662633283003e-16,-3.189183227215806990e-04,4.309652745819351625e-08,1.235828778298357199e-03,-2.252734685514985269e-04,3.030345907474694825e-04,2.599167144089570237e-04,-4.375819522371779272e-04,-5.761626141303568668e-09,-4.784326722312515368e-09,-1.420487032035554754e-07,-4.987136165509436447e-13
-3.685940441755521016e-16,-2.211763275744613557e-04,7.018917262656358136e-08,3.529110850578235465e-04,-7.530367770627484077e-05,4.340409452438612225e-04,5.169385642186353439e-04,-4.781628767416588400e-04,-2.177302823925552344e-09,-7.243369053783541583e-09,1.265668868371044847e-07,-1.544548144981978344e-12
1.769251412042646301e-15,-7.392010471973733824e-04,8.837144707922247330e-08,-2.130416091393555152e-04,3.649122540929456234e-05,5.075680455017658917e-04,6.614143209116692341e-04,-4.521281689177906083e-04,1.233183507836524615e-09,-9.304785521954138489e-09,2.589436063193486986e-07,-2.636283578527545039e-12
-8.042051872921140348e-16,2.577673205419619789e-05,8.531935611608782967e-08,-6.427172224128315935e-05,-1.625023347881843073e-05,4.243215954532001668e-04,5.390798874936715774e-04,-3.374998925299982073e-04,2.252943165572525940e-10,-9.092755703419593412e-09,3.595290238610157078e-07,-2.718253350117282709e-12
-2.948752353404424701e-15,1.941047870157222696e-04,1.154391689023493268e-07,4.113883878454715581e-04,-1.280847380116436750e-04,5.484902439205967218e-04,6.673609771417171295e-04,-3.602454862781099328e-04,-4.348815401520192906e-10,-1.351016182682894159e-08,5.591256803172696939e-07,-4.837426353060578193e-12
2.551804921215353103e-15,7.718276188687759294e-06,1.066480110261268802e-07,3.340346073620862233e-04,-1.407105497108067404e-04,5.584581755837693786e-04,6.977786049411582826e-04,-2.245404363706098548e-04,6.890191954066587774e-09,-1.534467721057410365e-08,9.893538487377164475e-07,-8.376683263778959029e-12
4.739066282257094927e-16,-1.077865683447125887e-04,8.111782804500955430e-08,1.620897656424400996e-04,-1.423147391520959411e-04,5.079018633350073806e-04,6.573585719716506289e-04,-7.662600974092320465e-05,1.698308578346322505e-08,-1.598028654584416124e-08,1.535468331512494272e-06,-1.235638041376686804e-11
-1.474376176702209984e-15,-1.762805875522928292e-04,4.252853350276196769e-08,-6.344840861116147384e-05,-1.731458658088524114e-04,4.501138426019614890e-04,6.188521539152098180e-04,9.117886253285616019e-05,3.556245678389841100e-08,-1.783161906829597349e-08,2.605783084130467791e-06,-1.970717039007860242e-11
-3.040900864448312899e-15,-2.126825396748961965e-04,-9.051504650325620324e-09,-2.142407145211898910e-04,-2.034939541030746069e-04,3.080477660285992091e-04,4.660902735286979060e-04,2.231383075824192551e-04,5.286846743059563814e-08,-1.757259875581437981e-08,3.541008489574215328e-06,-2.561256417363293910e-11
1.300920155913711177e-15,-3.226095089171357152e-04,-5.797579064569135126e-08,-3.358629204989427796e-04,-2.983943920524145159e-04,1.731021153826068542e-04,3.348614849637636371e-04,3.486061107901186184e-04,8.309202953821946494e-08,-2.148664528841257624e-08,5.343977363104045440e-06,-3.699853874831277740e-11
-3.685940441755521016e-16,-2.153712232273499976e-04,-7.213936158567199211e-08,-2.634302144763529547e-04,-2.105745892741268022e-04,8.397189919688855181e-05,1.927696129119707666e-04,2.759181455411338830e-04,6.583462916942493078e-08,-1.441657374302166275e-08,4.149943808284485708e-06,-2.873874414446002525e-11
-1.745971788199986182e-15,-1.359993023491272717e-04,-7.789423520629776086e-08,-1.907974428012752571e-04,-1.421774387166029811e-04,3.229261434499879090e-05,1.038108124675844317e-04,2.133712593140646473e-04,5.067678990899250737e-08,-9.005369449687272505e-09,3.130818302511308323e-06,-2.179819499634460819e-11
1.769251412042646301e-15,-4.085160422783120260e-04,-6.859004931270402340e-08,-4.253466606727197689e-04,-3.804169341380104997e-04,-2.237198658987542190e-04,-1.377831097703306209e-04,2.764998775805103059e-04,1.185357070969097337e-07,-2.827927697858110459e-08,7.618972208258047958e-06,-4.704349483822108327e-11
4.212503362006306492e-16,-4.614780183300582037e-04,-4.283803340550115828e-08,-4.736311182076570611e-04,-4.335829684708644412e-04,-3.274678460904773165e-04,-2.525363480307522032e-04,2.372519810785998252e-04,1.375437817106599582e-07,-3.548671515684606083e-08,8.975512397848558295e-06,-5.351958145478934552e-11
-8.042051872921140348e-16,-4.672405452160282007e-04,-3.351912722746763629e-09,-4.762626865317731370e-04,-4.478164536563355568e-04,-3.903390499064025962e-04,-3.294653060360971030e-04,1.761130702412186161e-04,1.451984398212522341e-07,-4.086778851484497319e-08,9.645683865073397155e-06,-5.572657022527285756e-11
-1.923099360915927215e-15,-7.620031710130518391e-04,1.367441176883128673e-07,-7.574478153484179733e-04,-7.117146627079142711e-04,-6.872056835271482707e-04,-6.214507856267373386e-04,1.118827921634718466e-04,2.269473989793312500e-07,-7.571626520813609524e-08,1.556651703177108501e-05,-8.537715065690875620e-11
1.105782132526654826e-15,-8.801034595212990771e-04,2.691278677432716430e-07,-8.750173883317660098e-04,-8.266464182538597145e-04,-8.342049912963291590e-04,-7.741334255180950261e-04,2.409106080241513545e-05,2.674537739839968557e-07,-9.887930214915817934e-08,1.877618846314479020e-05,-9.974607033058046766e-11
-1.769251412042649604e-16,-9.556649971676862629e-04,4.214000840558217362e-07,-9.541692988942449037e-04,-9.065368931587450925e-04,-9.446564250935672157e-04,-8.924065226201021361e-04,-7.320263230175756469e-05,2.984440771471433709e-07,-1.214222071507087045e-07,2.145280778280142392e-05,-1.105808479124399653e-10
-1.190842296567169238e-15,-1.206943883357470106e-03,7.301563964545730664e-07,-1.205675754123680839e-03,-1.140555468045380792e-03,-1.213572397826379263e-03,-1.165055727904279730e-03,-2.270549055682399408e-04,3.780456100121963585e-07,-1.718628301307199483e-07,2.795118666001439748e-05,-1.389268143733070900e-10
1.474376176702205645e-15,-1.367007961847971007e-03,1.046618488505726956e-06,-1.371273490630351560e-03,-1.301937529635851208e-03,-1.399891431537629962e-03,-1.356808258130234347e-03,-3.755892299008398594e-04,4.380695979037419868e-07,-2.182914412241404993e-07,3.323607070037179766e-05,-1.602742011013128952e-10
4.739066282257094927e-16,-1.498859432805428387e-03,1.400984409480278158e-06,-1.511411085100934810e-03,-1.442100101698871959e-03,-1.561696872137915493e-03,-1.524701431873805649e-03,-5.267276887153485862e-04,4.936326802643065605e-07,-2.674008532425008703e-07,3.840821181816808313e-05,-1.800173456018463786e-10
-4.575650203558578833e-16,-1.678206361746605556e-03,1.841013261905819115e-06,-1.698177035905274780e-03,-1.626179879081553160e-03,-1.763384394485004777e-03,-1.730335876042772341e-03,-6.905212421058204561e-04,5.679823152943600573e-07,-3.300705166904932740e-07,4.519708058119740297e-05,-2.066471529750879143e-10
-1.474376176702209984e-15,-1.820794325280959431e-03,2.293277060470535624e-06,-1.849819410514223902e-03,-1.782663688742292018e-03,-1.930056689178654989e-03,-1.899370164103732174e-03,-8.378854437806965627e-04,6.384952586405085903e-07,-3.935333406078237987e-07,5.184052971145435880e-05,-2.321661893722449000e-10
8.560893929238618514e-16,-1.831863280514083080e-03,2.681958197128222352e-06,-1.874274306410729247e-03,-1.827933428092540918e-03,-1.980604528516663985e-03,-1.953489401544784062e-03,-9.525298129013683168e-04,6.713544568558587169e-07,-4.416795888886714552e-07,5.580688448810521479e-05,-2.443989430464471942e-10
0.000000000000000000e+00,-2.164773377372113637e-03,3.620299516247691734e-06,-2.198796985404310924e-03,-2.131342322084725689e-03,-2.291612001588091366e-03,-2.271607641702587908e-03,-1.253271875368067991e-03,7.878957989228974647e-07,-5.655789342950234388e-07,6.752617464636945926e-05,-2.858823518877233244e-10
-8.042051872921140348e-16,-2.327188058444944630e-03,4.364584159203774451e-06,-2.359719719681922703e-03,-2.294377030334709359e-03,-2.457905322442418064e-03,-2.442633062575571071e-03,-1.449429738003843709e-03,8.662186019639149088e-07,-6.613907693664946445e-07,7.603312095112598173e-05,-3.143704311770802592e-10
1.300920155913711177e-15,-2.315866116043329651e-03,4.839130861198907054e-06,-2.356190102757488910e-03,-2.316728359049764849e-03,-2.480337071989243986e-03,-2.466015247728337197e-03,-1.530056807610640380e-03,9.039169901326159751e-07,-7.212881624933146605e-07,8.086282278767230357e-05,-3.292265960475526840e-10
3.791253025805675646e-16,-2.719717250274430488e-03,6.153426903220756374e-06,-2.750215063423933504e-03,-2.683357784059744143e-03,-2.835897227870310712e-03,-2.826010944851209319e-03,-1.853243594395492973e-03,1.065284376784057807e-06,-8.962516247761096709e-07,9.732182718705894686e-05,-3.871120899547387184e-10
-3.685940441755521016e-16,-2.862293195658340353e-03,7.147700340202314821e-06,-2.893700469814787252e-03,-2.829967680806192310e-03,-2.968058659503003405e-03,-2.961455692021540322e-03,-2.053492309043186085e-03,1.147936603231103788e-06,-1.020894047894450640e-06,1.073946975957197511e-04,-4.175802236025963201e-10
-1.075896128944855641e-15,-3.027828290301289287e-03,8.256321274168513743e-06,-3.051641924622218970e-03,-2.981986303738231453e-03,-3.099600811575022995e-03,-3.096952548738228506e-03,-2.260292136705813887e-03,1.234820708893449469e-06,-1.158952199515196747e-06,1.182915570547327143e-04,-4.495371198052760205e-10
8.147868344933247485e-16,-3.034853971265316554e-03,9.019901089282564112e-06,-3.056669297960905654e-03,-3.002503870795179136e-03,-3.112045736478634937e-03,-3.110563564250600887e-03,-2.347600540203442776e-03,1.283055406574311910e-06,-1.254053322484911397e-06,1.253480241422427906e-04,-4.690539571882752786e-10
1.134135520540159876e-16,-3.011360634386360535e-03,9.734257109578943072e-06,-3.029270261180860499e-03,-2.991521761043080142e-03,-3.094852341630290396e-03,-3.094181342084026138e-03,-2.409195252219506391e-03,1.321004459988494344e-06,-1.342826522103222132e-06,1.316210113910378854e-04,-4.854653640764208039e-10
-6.634692795159939406e-16,-3.059998480423166065e-03,1.066496435412372487e-05,-3.063257766785933579e-03,-3.020898920019289644e-03,-3.099685884497962313e-03,-3.101227061613469338e-03,-2.512535013602542906e-03,1.367079489890740730e-06,-1.456384817786073070e-06,1.393495543609002125e-04,-5.038507584199873675e-10
-1.294574203933647690e-15,-3.109471976510643117e-03,1.162318132610188978e-05,-3.094258094311217594e-03,-3.040022526313978807e-03,-3.090864663704467278e-03,-3.094972645822633307e-03,-2.606737122653290765e-03,1.408121242078678023e-06,-1.572446359544357690e-06,1.469303351845807517e-04,-5.205292183996374356e-10
4.212503362006306492e-16,-3.061809928543198032e-03,1.228197900505774845e-05,-3.034952145360517075e-03,-2.984804930559139483e-03,-3.031712001316760711e-03,-3.036792052550536802e-03,-2.619791929537171413e-03,1.431213850451653219e-06,-1.655046477401646472e-06,1.522601105039048097e-04,-5.330416817338881163e-10
-2.057269083770522825e-16,-3.026476622143207777e-03,1.293349237756775910e-05,-2.986540723722695256e-03,-2.936043881009038018e-03,-2.983532731676476028e-03,-2.989504435850570078e-03,-2.622362167645727205e-03,1.462682089347416413e-06,-1.739931504615859438e-06,1.582322557559771186e-04,-5.493351027490100442e-10
-8.042051872921140348e-16,-3.156108480235693577e-03,1.412874119523086346e-05,-3.099253489247095691e-03,-3.012536250190140860e-03,-3.015513424370193547e-03,-3.023985019687565248e-03,-2.721699590415258951e-03,1.535535422573374933e-06,-1.889487417360860878e-06,1.690704345845747941e-04,-5.757647554844711762e-10
7.863339609078435893e-16,-3.230532931814798000e-03,1.525569371101856279e-05,-3.170549179838722843e-03,-3.061374829686266692e-03,-3.031967262250484345e-03,-3.041746858023310074e-03,-2.792544750039277750e-03,1.605698333473530937e-06,-2.032659342284971675e-06,1.796508581087409139e-04,-6.025785652972852164e-10
1.923099360915923172e-16,-3.136532017669876448e-03,1.596044219823705538e-05,-3.098954703583227388e-03,-3.006292198763085670e-03,-2.981911422496112164e-03,-2.990344203279110807e-03,-2.779011329974450609e-03,1.643041455496215946e-06,-2.127292940913100415e-06,1.866704358517585745e-04,-6.223806594972162754e-10
-3.764364706473723454e-16,-3.110827158183255160e-03,1.687973955582536156e-05,-3.092418265637977750e-03,-3.003591218984399958e-03,-2.969406898780768515e-03,-2.977026464782273237e-03,-2.793478281600304987e-03,1.706255859443637894e-06,-2.249488669459753917e-06,1.963008030754523304e-04,-6.492030955549107287e-10
1.105782132526654826e-15,-3.262443615414403319e-03,1.836939806660827746e-05,-3.244444245827380561e-03,-3.123620601859245730e-03,-3.040313371235303999e-03,-3.049213442929011881e-03,-2.884228441235233645e-03,1.828760373653745430e-06,-2.441396093007133446e-06,2.120371548291760536e-04,-6.905243183326330365e-10
5.416075751150964645e-16,-3.267969346105992299e-03,1.955203268726808237e-05,-3.266068695657313014e-03,-3.152433940389436084e-03,-3.054079019186556332e-03,-3.062215481260479894e-03,-2.918106109594574039e-03,1.919645497091245338e-06,-2.598311207360228146e-06,2.249160624804092193e-04,-7.260278014350934766e-10
-1.769251412042649604e-16,-2.972359720742075769e-03,1.988361447298742153e-05,-3.015620861077802917e-03,-2.983346011532386158e-03,-2.939357745280416889e-03,-2.942833036292407615e-03,-2.831771482157533371e-03,1.920179864086874309e-06,-2.655133768186270476e-06,2.291565433909834948e-04,-7.424832015722167007e-10
-5.203680623654854765e-16,-2.927484088308783625e-03,2.090064646210944643e-05,-2.979573355847441041e-03,-2.967541745594805269e-03,-2.926414157210860227e-03,-2.928752971380418121e-03,-2.831703407667739928e-03,1.998452010361145405e-06,-2.794703694213870060e-06,2.409702209169127388e-04,-7.765957006304310103e-10
6.804813123240954821e-16,-2.982132409039317793e-03,2.225178242505822273e-05,-3.026039994364343802e-03,-3.011955196968458225e-03,-2.954999225926668253e-03,-2.957645995168645472e-03,-2.864612798720589555e-03,2.115635349008145413e-06,-2.975309218711395339e-06,2.567125262996987323e-04,-8.200923119272356604e-10
3.338210211401224562e-16,-3.153590059076348366e-03,2.404555434560280846e-05,-3.170133440582437179e-03,-3.127870761666511155e-03,-3.032786182195768010e-03,-3.037451074243128178e-03,-2.937466013388838337e-03,2.283615086835608086e-06,-3.209732769293829081e-06,2.775983752482753179e-04,-8.755357047111171528e-10
-3.276391503782685073e-16,-2.963293370942516811e-03,2.470908348843930318e-05,-2.985072447268758561e-03,-2.998898665065453072e-03,-2.952999176476510477e-03,-2.957446425254064461e-03,-2.880356550121659746e-03,2.315644970614570874e-06,-3.313698285547300339e-06,2.862855188475937418e-04,-9.051561960313584751e-10
-9.650462247505369995e-16,-2.869690331488370869e-03,2.561643807861540959e-05,-2.881102302201188955e-03,-2.918871524323901970e-03,-2.903427367151246996e-03,-2.910682480630920419e-03,-2.845827041702021169e-03,2.376630474285542899e-06,-3.447352336081372462e-06,2.978866879418355781e-04,-9.416806238490838414e-10
4.739066282257094927e-16,-2.831972902690789613e-03,2.668206091991396644e-05,-2.821349154358672451e-03,-2.863544080779594370e-03,-2.869444782101272708e-03,-2.881813366708515546e-03,-2.823186664125589690e-03,2.454905649484096743e-06,-3.600950389012338143e-06,3.114539500204880598e-04,-9.830551048743836550e-10
0.000000000000000000e+00,-2.862481931345023725e-03,2.797718695105007932e-05,-2.817366638431034569e-03,-2.841284882837630168e-03,-2.856394370253090287e-03,-2.876390235723939870e-03,-2.816913938780932648e-03,2.558588899392565909e-06,-3.782702590112148521e-06,3.277985873234416929e-04,-1.030897728834542270e-09
-4.575650203558578833e-16,-3.346351048068038712e-03,3.095312941529098358e-05,-3.221035179462457178e-03,-3.104644091271692614e-03,-3.018934409078049674e-03,-3.052630045390391719e-03,-2.941747284271303744e-03,2.877060971498861680e-06,-4.154998142020039383e-06,3.635833035813668102e-04,-1.117604182403106252e-09
7.496828017129864829e-16,-3.306495462401442664e-03,3.272448418412999844e-05,-3.223472653350983354e-03,-3.120910232269798190e-03,-3.033047742329741166e-03,-3.066497687885185505e-03,-2.957042062987827631e-03,3.039049418412228435e-06,-4.393696304158989039e-06,3.865981856096648321e-04,-1.178637703434757547e-09
1.474376176702207716e-16,-3.154964834993417410e-03,3.443906305246004278e-05,-3.160959355580189936e-03,-3.108462001031634184e-03,-3.031153291140310183e-03,-3.059173281218231528e-03,-2.961662930099689429e-03,3.191220509377084038e-06,-4.628002801342369750e-06,4.096760135852779618e-04,-1.239710473998776243e-09
-1.450206075444794802e-16,-3.094426298840251537e-03,3.678112431709513715e-05,-3.207337567279556004e-03,-3.183698144560211021e-03,-3.080709388382049663e-03,-3.100448985657598515e-03,-3.002548455984900728e-03,3.428095935114365988e-06,-4.930917940050202739e-06,4.407633845742428341e-04,-1.314680074947353135e-09
-7.134078274365526932e-16,-3.146414981686717315e-03,3.981631420396712466e-05,-3.350065233248173974e-03,-3.336303736589134403e-03,-3.179595927788865604e-03,-3.191286423940304946e-03,-3.078813600560581856e-03,3.757724406185763063e-06,-5.311266034066846681e-06,4.808621107011982945e-04,-1.405443936419001573e-09
5.616671149341741332e-16,-2.729654860686520947e-03,4.116685478621891035e-05,-3.041421553890743482e-03,-3.192656957329516754e-03,-3.113586284329573992e-03,-3.114230453308303604e-03,-3.041853110810237466e-03,3.851376153399946388e-06,-5.518524688070958873e-06,5.025375069035300591e-04,-1.464684303212061100e-09
0.000000000000000000e+00,-2.571667382620409885e-03,4.330047779644355919e-05,-2.915466560164431571e-03,-3.160983704378000827e-03,-3.110728917312024621e-03,-3.104954712527475871e-03,-3.045698859672173620e-03,4.055694757921151208e-06,-5.808642205547273344e-06,5.340118672545645295e-04,-1.539856060379283322e-09
-4.082887873944577034e-16,-2.807609061124346442e-03,4.683556095339800495e-05,-3.081511780115219704e-03,-3.310179682623102040e-03,-3.210496346033313297e-03,-3.205361901970933160e-03,-3.116582334560239875e-03,4.458624617933072658e-06,-6.244534769204014994e-06,5.826940804642434784e-04,-1.642398205780646948e-09
6.701709894100940758e-16,-2.647893495179512533e-03,4.907562060442552951e-05,-2.897565166080473542e-03,-3.229050524693313773e-03,-3.190729687478403853e-03,-3.182591169492827565e-03,-3.112792909690965861e-03,4.660949685858704478e-06,-6.559763658532391924e-06,6.176188491846919737e-04,-1.725691728515349681e-09
2.640673749317386321e-16,-2.419199574365080586e-03,5.109307297588493125e-05,-2.666892771329724184e-03,-3.103630357252225216e-03,-3.146157156288089361e-03,-3.134462997169054112e-03,-3.092085969047459523e-03,4.824983966891641128e-06,-6.855900612246349339e-06,6.510397283919701784e-04,-1.806479489580478967e-09
-1.300920155913713198e-16,-2.326073429066136903e-03,5.367963349791427468e-05,-2.547431223247471899e-03,-3.036906169759510509e-03,-3.134350750817683790e-03,-3.121942717181964370e-03,-3.092105657806448141e-03,5.065166221819807173e-06,-7.212864148396744278e-06,6.924044558025349095e-04,-1.899135992289880205e-09
-5.128264962442464751e-16,-2.702307940823989174e-03,5.717436108171527348e-05,-2.613280590258253676e-03,-3.057304460527132325e-03,-3.171897261757563018e-03,-3.166503539049007887e-03,-3.122795209978782016e-03,5.428296548963610039e-06,-7.663824741280185864e-06,7.445042029236239754e-04,-2.009540681584293030e-09
3.791253025805675646e-16,-3.646333999362952934e-03,5.907110975195103465e-05,-2.665720501865129644e-03,-2.838149391710233140e-03,-3.089755128860560696e-03,-3.104534208470655608e-03,-3.077555370066517842e-03,5.490711112504445681e-06,-7.969792334075877054e-06,7.710197114436169756e-04,-2.100286629800009724e-09
1.245951698621583899e-16,-3.578347472290688280e-03,6.118521692018409023e-05,-2.841439852703985403e-03,-2.662456190071572741e-03,-3.006257175204435188e-03,-3.028387849227957927e-03,-3.032389036776803742e-03,5.526651928173289454e-06,-8.289752998586947023e-06,8.032600552306843689e-04,-2.197568440293882766e-09
-3.685940441755521016e-16,-3.891004459559012363e-03,6.598618921638537294e-05,-3.344202332781287448e-03,-2.810563509728004027e-03,-3.061221407534056235e-03,-3.093117670147457320e-03,-3.071189236694389126e-03,5.947873469113208971e-06,-8.852092556357005771e-06,8.689617468102106947e-04,-2.337515385140581440e-09
-6.059080178228255292e-16,-3.703959420003049424e-03,6.913839645108249446e-05,-3.324817186953783494e-03,-2.747162638733253396e-03,-3.006027053850471049e-03,-3.040547569741279110e-03,-3.051559586598544607e-03,6.093637905634053448e-06,-9.286679445975216387e-06,9.188640808611182875e-04,-2.463285295671800845e-09
2.390880286544120141e-16,-3.558729232229640091e-03,7.197969026045673998e-05,-3.225310374092361584e-03,-2.665964137320124289e-03,-2.925945233278678601e-03,-2.962224063236064235e-03,-3.012387715521538337e-03,6.192925001638146138e-06,-9.685633259464919138e-06,9.663115856759050973e-04,-2.584573754198723145e-09
-1.179500941361766321e-16,-3.990999036142963904e-03,7.669384632522717698e-05,-3.494635573190028703e-03,-2.788434898788476595e-03,-2.927776794827577876e-03,-2.971561739296165686e-03,-3.009082586213024033e-03,6.600260547633804548e-06,-1.021635550137159290e-05,1.035891204628726445e-03,-2.723986233307476072e-09
-4.655924768533289912e-16,-3.874596686248270565e-03,7.951675110532321748e-05,-3.373538179580053663e-03,-2.700571072091219414e-03,-2.831928100731199906e-03,-2.876962475290447459e-03,-2.951209729136382125e-03,6.710028441351480836e-06,-1.059818156678718315e-05,1.088501902969310183e-03,-2.845495065846907201e-09
4.595458213097788990e-16,-4.125522807128289941e-03,8.425556695133203122e-05,-3.582122615076902689e-03,-2.786089441080914688e-03,-2.811165788165404054e-03,-2.860845199872734997e-03,-2.927389706834021294e-03,7.128942947100444223e-06,-1.111523624117294334e-05,1.166681280902231738e-03,-2.987972584341528052e-09
1.134135520540159876e-16,-4.078470830305607961e-03,8.872617280585507859e-05,-3.614436267031252530e-03,-2.804419271868991998e-03,-2.769272525339270923e-03,-2.821109351234426556e-03,-2.893965894110367421e-03,7.509890479594616030e-06,-1.162719182568159272e-05,1.251438334268662779e-03,-3.135327564999279088e-09
-2.239558749421075667e-16,-3.992070294813237531e-03,9.329732447741615245e-05,-3.596260475312819480e-03,-2.808190078365995889e-03,-2.722392867575014128e-03,-2.776043168989652740e-03,-2.854924564779537377e-03,7.917712394324657015e-06,-1.214583541766306657e-05,1.345478424380412968e-03,-3.287009310155073858e-09
6.634692795159930532e-16,-4.393679045251217864e-03,1.011440038287105616e-04,-3.985269820170663641e-03,-3.045149064285797205e-03,-2.777497724954291775e-03,-2.837810658083490985e-03,-2.861414386862892907e-03,8.865260263839072548e-06,-1.287934609965424075e-05,1.486858187409794254e-03,-3.467765408042093614e-09
2.184261002521789063e-16,-4.081221971519861415e-03,1.073347474492667998e-04,-3.907691480233961567e-03,-3.089362467896283795e-03,-2.761809862368764124e-03,-2.821581889066813748e-03,-2.836580977752277150e-03,9.583672743690231213e-06,-1.352475298646360147e-05,1.633224683328758555e-03,-3.642634142619793186e-09
0.000000000000000000e+00,-4.348607788683677387e-03,1.156348748836723419e-04,-4.059261361055472618e-03,-3.229170288295755281e-03,-2.794820468118445426e-03,-2.858157540031444101e-03,-2.831421001878029180e-03,1.064614321488929806e-05,-1.430313197166297475e-05,1.814467972234469527e-03,-3.835958341089397389e-09
-4.263256414560602437e-16,-4.459988412999267397e-03,1.226158118364653398e-04,-3.977732923741179351e-03,-3.207759756704804850e-03,-2.771558043343154507e-03,-2.835280518517394738e-03,-2.800089899874436215e-03,1.148775936267404099e-05,-1.501137160152298924e-05,1.998272138871375926e-03,-4.026029911098898086e-09
4.212503362006306492e-16,-5.194639864610205507e-03,1.341956226696032549e-04,-4.448269361734557593e-03,-3.418641938024413827e-03,-2.843015114852987749e-03,-2.910905387762494946e-03,-2.804380484199342927e-03,1.300095029798467086e-05,-1.595215992500782290e-05,2.248240510087892371e-03,-4.242493673803064516e-09
2.081472249461940131e-16,-5.847369752722520429e-03,1.484162107755566864e-04,-5.043503424053103791e-03,-3.691875611337926306e-03,-2.939045722731354737e-03,-3.010301755413318653e-03,-2.816024181672095641e-03,1.486661277707135677e-05,-1.700761392581095360e-05,2.562411174628143225e-03,-4.472737776032244599e-09
-2.057269083770522825e-16,-5.982173372751099436e-03,1.605473261719483164e-04,-5.082593528592964371e-03,-3.734002186734960548e-03,-2.956666165084774998e-03,-3.027739091972601188e-03,-2.801258705422588445e-03,1.642927646010026343e-05,-1.799526933109959088e-05,2.913955863449641404e-03,-4.702551420670407322e-09
-6.100866938078105110e-16,-6.839558521888123785e-03,1.805866973439473660e-04,-5.765731249806370536e-03,-4.070524302108432732e-03,-3.084131620978734951e-03,-3.158900628103136418e-03,-2.822653973676200485e-03,1.905019655572546725e-05,-1.929145660466271222e-05,3.393069844480634586e-03,-4.961166970745399424e-09
4.021025936460565243e-16,-7.106781777328689646e-03,2.043975256689593855e-04,-6.301969235469833883e-03,-4.419057418537293037e-03,-3.220020869347645174e-03,-3.297382839273144649e-03,-2.849517717355384925e-03,2.220645706841190749e-05,-2.073967239743180338e-05,4.059030789085053305e-03,-5.235881363762451465e-09
0.000000000000000000e+00,-7.545140762995330638e-03,2.346996343998392716e-04,-6.831237104493803787e-03,-4.838293126204741557e-03,-3.390198144148135785e-03,-3.472664748208301611e-03,-2.889099750822203463e-03,2.627568521552534688e-05,-2.242020795137190402e-05,4.969165548926390667e-03,-5.531266691771525576e-09
-3.931669804539222384e-16,-8.470217653577952546e-03,2.763368852846449265e-04,-7.561602693473673184e-03,-5.393568974000644521e-03,-3.632034252982929440e-03,-3.721965488932243906e-03,-2.952362469758828233e-03,3.184673522476186319e-05,-2.446492207396563120e-05,6.243770021103136648e-03,-5.855235399969605992e-09
3.888464641851975451e-16,-9.909008439046660538e-03,3.244993492099133847e-04,-8.076464910156974306e-03,-5.746464290351481312e-03,-3.848871598758212085e-03,-3.940387532274249038e-03,-3.010095847575006232e-03,3.812129866661392483e-05,-2.671712287331785911e-05,7.852761549209047801e-03,-6.200068827521047272e-09
1.923099360915923172e-16,-1.161887859745574202e-02,4.023282287297328275e-04,-9.484015151232944724e-03,-6.424513763725271144e-03,-4.224903836874020074e-03,-4.308021920429409325e-03,-3.101220585694004165e-03,4.707714651303459782e-05,-2.960409664267953252e-05,1.018984286704483454e-02,-6.585377847204820636e-09
-1.902420873164139529e-16,-1.235668797970170853e-02,5.184021389027172917e-04,-1.086773176194884109e-02,-7.356767283878439152e-03,-4.723107136699649690e-03,-4.803189657703320868e-03,-3.229763877667736743e-03,5.970144601549108387e-05,-3.329473773280805331e-05,1.452041854854005734e-02,-7.016966717975845081e-09
-3.764364706473723454e-16,-1.325573628830736816e-02,6.800593818314043873e-04,-1.167343453990200321e-02,-8.253403539986645110e-03,-5.270631769501922699e-03,-5.359531088478335613e-03,-3.386004462459261174e-03,7.678597200036632120e-05,-3.789609440513115748e-05,2.181655494703001533e-02,-7.498929038871230720e-09
3.724739814826629267e-16,-1.397700103196720424e-02,9.121151171067492288e-04,-1.224618166066583115e-02,-8.945005345356594681e-03,-5.841546693163939853e-03,-5.908157294579643483e-03,-3.563148224987253143e-03,9.934827165099366277e-05,-4.358615449530014459e-05,3.403697145770027271e-02,-8.039325158171762243e-09
1.842970220877759768e-16,-1.490819109090380824e-02,1.304317066986576809e-03,-1.310070212650356510e-02,-9.993670381647321022e-03,-6.734016063642920581e-03,-6.877080929551331566e-03,-3.793633835231979747e-03,1.345242223396656011e-04,-5.176347434484972069e-05,4.386204705315854824e-02,-8.683056868114373462e-09
-3.647941055758041270e-16,-1.472925190649247186e-02,1.950772401026679235e-03,-1.329021951470980845e-02,-1.134697317590506981e-02,-8.028916973184245520e-03,-8.430195525879367532e-03,-4.170946339303614747e-03,1.954332950442683788e-04,-6.504090074488067484e-05,5.848744336424012424e-02,-9.517636668072616315e-09
5.416075751150964645e-16,-1.391319127149851127e-02,2.836739508971986533e-03,-1.237730349715084402e-02,-1.186287590360444837e-02,-9.041919994400949429e-03,-9.764077959446351707e-03,-4.566635563318002800e-03,2.793759886240042766e-04,-8.298754211503722451e-05,4.305560790663132825e-02,-1.052727982562727010e-08
1.787122638426918571e-16,-1.326993555838388086e-02,4.080405331810058218e-03,-1.092832064370814239e-02,-1.178759915883445704e-02,-9.902983618995574167e-03,-1.105253974012175046e-02,-4.962496855616539693e-03,3.977619134574178353e-04,-1.088245178685101871e-04,1.820680046300608701e-02,-1.183729238257572424e-08
1.769251412042646301e-15,-1.274810404538555958e-02,5.819486973645447703e-03,-9.150607385982929484e-03,-1.120636306221496105e-02,-1.057332885181501599e-02,-1.220582972233520171e-02,-5.261032444800860762e-03,5.549929002392235819e-04,-1.458242989592282686e-04,1.443056938403813015e-02,-1.358069680533922779e-08
1.576560664196417769e-15,-1.223526090791593121e-02,8.198423714605756335e-03,-6.861441424248759628e-03,-1.021428511405406137e-02,-1.110111299325820117e-02,-1.331292780035902776e-02,-5.329884259767982309e-03,7.524111963228357312e-04,-1.999052602487251084e-04,1.175890333405466871e-02,-1.600538948077000304e-08
1.387648166307958510e-15,-1.162918696280139386e-02,1.125205804405075664e-02,-3.838902593790769532e-03,-8.708041115435475113e-03,-1.161375633794282415e-02,-1.436110935673135143e-02,-5.121290871259646590e-03,9.768766398866278455e-04,-2.831849736301537317e-04,1.254865855392088385e-02,-1.965564604783961727e-08
8.588599087585668654e-16,-1.087507193386990159e-02,1.593493742507509983e-02,-4.140342213577510584e-04,-7.448351195562675185e-03,-1.140937977244792581e-02,-1.414561524632989599e-02,-4.697737190319002318e-03,1.230010195852136072e-03,-3.760653937806138821e-04,1.334487937920312770e-02,-2.371321863462518704e-08
6.804813123240954821e-16,-9.835422655576669254e-03,1.992827853539427471e-02,4.132680088066311742e-03,-5.428124256292899547e-03,-1.114348551641975403e-02,-1.412240290748396389e-02,-3.456276631777059367e-03,1.427918331438316054e-03,-5.095465799513993399e-04,7.505549837346596823e-03,-2.962588992749441455e-08
5.055004034407567199e-16,-8.347020272858130321e-03,2.312142145860906356e-02,7.346992866767645611e-03,-3.262176083689223832e-03,-1.054606922580566923e-02,-1.333475329946955286e-02,-2.049675496445544764e-03,1.484145647367405858e-03,-6.906620323230114366e-04,3.988748846330773985e-03,-3.828230692909290019e-08
3.338210211401224562e-16,-6.871775272058002100e-03,2.475375864101271584e-02,9.784694812428718080e-03,-1.637337133917612453e-03,-9.670543520120514561e-03,-1.201235491275055856e-02,-1.013643333679207798e-03,1.421780939452447785e-03,-9.119664524050823118e-04,-5.687100853158837468e-03,-5.012749401821408839e-08
-1.653505992563223902e-16,-5.568522115215475410e-03,1.969766643730027494e-02,1.118321418926423137e-02,-3.835973969583104134e-04,-8.712924853205600284e-03,-1.063962669376805614e-02,-3.543976135644130374e-04,1.253397328913403953e-03,-1.169499157769840003e-03,6.807927721107776865e-03,-6.576062369840230050e-08
-3.276391503782685073e-16,-4.450322044250716418e-03,9.939562026923703594e-03,1.087760113772840397e-02,4.875234151446399791e-04,-7.746172917745659803e-03,-9.374675455641265018e-03,-5.308165117047227512e-05,9.946151953755227437e-04,-1.459435542956203464e-03,6.384392998338118356e-04,-8.619001397256104665e-08
-4.869499299199955681e-16,-3.526577823786601791e-03,4.919764713937608766e-03,8.862588325903636780e-03,1.027692764734070528e-03,-6.830708200037929369e-03,-8.250232816531425512e-03,-8.463257946253138308e-05,6.763502963027774942e-04,-1.773773823546894715e-03,-1.432566333669546121e-03,-1.123220179014406531e-07
-9.650462247505369995e-16,-2.780035216828900032e-03,3.086436448823570884e-03,6.392763182962063126e-03,1.337810303075232269e-03,-5.998491867257532174e-03,-7.285191107998956021e-03,-2.263452252444836843e-04,3.268199270808051391e-04,-2.104725246474763341e-03,5.088409185580874787e-03,-1.452366174388358379e-07
-1.115744133720590977e-15,-2.182109389428728632e-03,2.336295015204274423e-03,4.138836524732727659e-03,1.514035705708996395e-03,-5.260585661708200300e-03,-6.446395146059690114e-03,-3.919727738635253242e-04,-3.282849415547111813e-05,-2.446152491954367483e-03,-1.353628241354747552e-03,-1.863320812496709880e-07
-1.263751008601894216e-15,-1.698556489803591503e-03,2.171205512040293249e-03,2.464766987456070649e-03,1.603689781392139083e-03,-4.613476420255962010e-03,-5.710836400661210323e-03,-5.657217761454594665e-04,-3.904344289612446135e-04,-2.790377016653075755e-03,-2.908204900130072212e-03,-2.368953843139385424e-07
-1.565709214197037317e-15,-1.299424778520189483e-03,1.968441315747221799e-03,1.912781221592943330e-03,1.606769307038647190e-03,-4.038561843192285498e-03,-5.065237391142743406e-03,-7.279858720048883311e-04,-7.348180609862938525e-04,-3.118168154998309481e-03,-1.781034002646048444e-03,-2.969469478255516739e-07
-1.862369907413318726e-15,-9.752565492762752626e-04,1.477850468001076214e-03,1.326547457959725233e-03,1.611809380865027955e-03,-3.543643723464921617e-03,-4.490942494427547886e-03,-8.716446761232566438e-04,-1.063095127210366168e-03,-3.446738345064247113e-03,-3.068002616286761436e-03,-3.708658137306705689e-07
-2.000023335352564320e-15,-7.058339504867820573e-04,1.158601194643117151e-03,7.909622145607031691e-04,1.610340197391687883e-03,-3.116474025838978246e-03,-3.984075249513841128e-03,-1.005098213216972349e-03,-1.374342748595853893e-03,-3.775226314198005303e-03,-2.768607686384396555e-03,-4.616523285778798991e-07
-2.135303428327340339e-15,-4.804500641648901398e-04,9.117440195647130534e-04,5.647272177540528558e-04,1.587205893808735745e-03,-2.735638215723179643e-03,-3.529295810204953043e-03,-1.124762211757628213e-03,-1.659518948369131724e-03,-4.065964121027241217e-03,-3.574990101297719457e-03,-5.676057896369538568e-07
-2.570707179891035463e-15,-2.896819953486469488e-04,5.159427664408942861e-04,4.768236414001019471e-04,1.553411594334719878e-03,-2.400072002652002372e-03,-3.125603050612462373e-03,-1.224187286429265567e-03,-1.921506226525198464e-03,-4.336458185986170541e-03,-4.086968893287278200e-03,-6.943712601646620482e-07
-2.698858086166760568e-15,-1.232769336733430027e-04,1.196659583922452311e-04,3.093338307189015600e-04,1.521541082650377380e-03,-2.113449792247139303e-03,-2.777729403217120332e-03,-1.305560680773123301e-03,-2.171854589607064966e-03,-4.641440412235551399e-03,-4.542667781627926678e-03,-8.561445380684357484e-07
-2.824855195698356069e-15,2.445323231870839362e-05,-6.527592932103057827e-06,1.052204568256954889e-04,1.490183877480370659e-03,-1.868031981313366969e-03,-2.478362835545434070e-03,-1.376560024094165662e-03,-2.413500501119726725e-03,-4.988033593243983675e-03,-5.043014434628481819e-03,-1.063727401131454701e-06
-3.096189971074645818e-15,1.545448197993696681e-04,7.610844013345856611e-05,1.748999281038892810e-05,1.453624795420425855e-03,-1.650361897229436292e-03,-2.213065643420851058e-03,-1.439262011256912466e-03,-2.638408775897525555e-03,-5.338929894361306439e-03,-5.512760473242602453e-03,-1.322655190096107040e-06
-3.363039874130667332e-15,2.562493694283356931e-04,1.144360994516146817e-04,6.723644755686848304e-05,1.410622369227956417e-03,-1.439828083151892041e-03,-1.950889316195582226e-03,-1.491680582247794686e-03,-2.811341136075919817e-03,-5.471434235295283971e-03,-5.694651249043138769e-03,-1.581737763505122923e-06
-3.480494581067519555e-15,3.367698075772802770e-04,-2.091693179060555004e-04,1.324835506835932066e-04,1.366053725408937882e-03,-1.241196929129219058e-03,-1.702048818608317476e-03,-1.522686156219110439e-03,-2.948455276318794234e-03,-5.512453906156599033e-03,-5.853212245432372340e-03,-1.864997907601109493e-06
-3.739881033586101872e-15,3.890942412720142340e-04,-4.624026986256387804e-04,1.884761129243002844e-04,1.320411376507515987e-03,-1.047988337022009390e-03,-1.454002162343414131e-03,-1.545895811757281874e-03,-3.019762562985702382e-03,-5.223878748423631604e-03,-5.581370202368269272e-03,-2.079723591495618347e-06
-3.995083833644708098e-15,4.371625497028796235e-04,-3.892252743550354767e-04,1.971514092392819310e-04,1.277803294654854651e-03,-8.769435298675125334e-04,-1.238225024812610866e-03,-1.559581707311962894e-03,-3.090960370521433215e-03,-5.074329231274786467e-03,-5.511549979176675641e-03,-2.383262932658703128e-06
3.963123162975519258e-15,4.589716560764600531e-04,-1.867514955780750520e-04,2.432869849392970882e-04,1.235287691797732875e-03,-7.127455982019468336e-04,-1.023530869747647527e-03,-1.572307484311032686e-03,-3.106465309857366422e-03,-4.585161088967440977e-03,-4.979855472171716702e-03,-2.540871761836022415e-06
3.650836247072120526e-15,4.887387372798077979e-04,-5.553043407436388792e-04,2.137951282267400665e-04,1.198226199271731213e-03,-5.760255032354930733e-04,-8.514904327148525506e-04,-1.556130020243497603e-03,-3.146037887970268895e-03,-4.302433976069976185e-03,-4.820202663696005266e-03,-2.807003120485298492e-06
3.343467235356176595e-15,5.221927863107353723e-04,-8.610974488142178994e-04,1.374161090919429854e-04,1.164389977401046649e-03,-4.589881455472569357e-04,-7.074637591294649901e-04,-1.528030356228862914e-03,-3.192323881605956155e-03,-4.178151250196535972e-03,-4.822100212378031131e-03,-3.217032037373134457e-06
3.179123631014125672e-15,5.444393053234479170e-04,-4.907726740567752363e-04,6.620805701808524062e-05,1.134075253357305635e-03,-3.571602768531954549e-04,-5.803548924577238725e-04,-1.503873127316972692e-03,-3.189468535337159575e-03,-3.700695748668109651e-03,-4.142661015415658940e-03,-3.356097506131225304e-06
2.880176717278723326e-15,5.860110434006201175e-04,-4.384242415742959156e-04,5.336393339744007923e-05,1.104911744859072512e-03,-2.716746400905688881e-04,-4.815437838905975822e-04,-1.461684559292039968e-03,-3.229115271805461668e-03,-3.663228659594757863e-03,-4.293070803938406690e-03,-3.943270849244484660e-06
2.585828986831557764e-15,6.204173286430419857e-04,-3.898226896480506444e-04,1.116516333349418965e-04,1.079969322607949537e-03,-1.936676637820226074e-04,-3.902419394939347897e-04,-1.416083073466465172e-03,-3.244148882128091143e-03,-3.490277155360241561e-03,-4.109128095813778005e-03,-4.467624732598926560e-06
2.431032474562413265e-15,6.566494249442447577e-04,-4.058096360368989609e-04,2.117340725783000484e-04,1.059688750334087867e-03,-1.205948886525455837e-04,-3.050323514100584986e-04,-1.366263682268353732e-03,-3.264254016167339890e-03,-3.438641352655193769e-03,-4.027720750942100428e-03,-5.269227725495032287e-06
2.278581363994316130e-15,6.939268770947661568e-04,-4.253281849060180594e-04,2.666627440391666250e-04,1.046524981694005882e-03,-5.365846854031290527e-05,-2.273377079129203498e-04,-1.310375964486107207e-03,-3.280108897158882236e-03,-3.380327850983373423e-03,-3.945736957414482798e-03,-6.209956409874091837e-06
1.995396329371405173e-15,7.309223564771239216e-04,-4.425130395274392203e-04,2.904225342261322769e-04,1.038206547961634686e-03,9.656662540950232342e-06,-1.528052215105145460e-04,-1.252942324444030831e-03,-3.292861971508800716e-03,-3.371068010222661327e-03,-3.989745517818530512e-03,-7.460816909453956328e-06
1.716437937056298792e-15,7.670860584815994941e-04,-4.340159758067969084e-04,2.869886345262358186e-04,1.034170312166525973e-03,6.932341759278763357e-05,-8.160807174323455801e-05,-1.195651548513155952e-03,-3.298326828970696636e-03,-3.394511940447989245e-03,-4.174643737001500210e-03,-9.120379329241541438e-06
1.572667921815685995e-15,8.039188339344216635e-04,-4.485581834499875113e-04,2.950406226506089636e-04,1.033947531314440699e-03,1.240510817963428334e-04,-1.591914244292067673e-05,-1.136120562790003197e-03,-3.296535398955850304e-03,-3.340381053286882625e-03,-4.112378290722236950e-03,-1.081755012198410426e-05
1.300920155913711177e-15,8.415638531943946165e-04,-4.218036508690378651e-04,3.288957788665223311e-04,1.037437829201191646e-03,1.768991951937450393e-04,4.818567238796413443e-05,-1.082295472972333219e-03,-3.287566082864061545e-03,-3.376915770478837280e-03,-4.343752067532594303e-03,-1.338297431806442515e-05
1.033139510681838069e-15,8.826604338424322033e-04,-3.572749064198031828e-04,3.777677029493881414e-04,1.048300989126780538e-03,2.241265983332135976e-04,1.049997844978825377e-04,-1.027209788485480314e-03,-3.272286958567354517e-03,-3.296694838756612962e-03,-4.050573535378006705e-03,-1.575176516354715581e-05
8.974463684274301235e-16,9.299281305229582231e-04,-3.761389957868964992e-04,4.350963970947104627e-04,1.064355209384376492e-03,2.699675942482143557e-04,1.595716131143826762e-04,-9.745524781316965103e-04,-3.250708018237196198e-03,-3.296056237584437699e-03,-4.179948010950654616e-03,-1.925527241769136894e-05
7.637056454860351840e-16,9.842183840873517959e-04,-4.683736401097046719e-04,4.765655725010597174e-04,1.087522263025499005e-03,3.113957818240280532e-04,2.080825293783684026e-04,-9.197638675305535617e-04,-3.224829407727861693e-03,-3.221807872188874652e-03,-4.007366478164109923e-03,-2.274715235459388046e-05
3.791253025805675646e-16,1.049232498422873272e-03,-3.892139018187878476e-04,5.969158565468131320e-04,1.118711879600263167e-03,3.513022452451117130e-04,2.546581685338232906e-04,-8.719909439245679622e-04,-3.193877734273352538e-03,-3.176383501229982070e-03,-3.949542829885199086e-03,-2.723925135632137485e-05
2.509576470982480988e-16,1.127060181840063230e-03,-3.217172034219101316e-04,6.973849040372889340e-04,1.158612579162303455e-03,3.889600758607603169e-04,2.980446807343796402e-04,-8.246531973272015151e-04,-3.158071838021829156e-03,-3.112032263796654478e-03,-3.772477875637774303e-03,-3.238198546104069213e-05
1.245951698621583899e-16,1.219471369695659902e-03,-5.964170472923890996e-04,5.889931801927583959e-04,1.205726091214956225e-03,4.243302498695874754e-04,3.375180052389093258e-04,-7.700492562865272374e-04,-3.121668321078028933e-03,-3.033836759928599473e-03,-3.137053412510689126e-03,-3.794089554216037267e-05
-1.237238749680174680e-16,1.333141843446502888e-03,-7.709445345499455100e-04,6.130539490947578768e-04,1.262386815776993807e-03,4.589794499977087306e-04,3.762520975385958409e-04,-7.229008033301291504e-04,-3.078771515972203443e-03,-2.956567133408733068e-03,-2.968315534221911949e-03,-4.467892171705130393e-05
-3.685940441755521016e-16,1.468556977054064376e-03,-6.360973780941774590e-04,7.875043676194546944e-04,1.322074007103022936e-03,4.908822027325786567e-04,4.126964682479600396e-04,-6.869229095702993624e-04,-3.039447532239649297e-03,-2.864173100268902362e-03,-1.920904231755306106e-03,-5.140721207566355331e-05
-4.880693550462483299e-16,1.639675794694946511e-03,-3.677138566627726011e-04,7.123561478174270621e-04,1.382956843090410925e-03,5.239372511519208020e-04,4.487198768005637244e-04,-6.470508844011995525e-04,-2.991343440023126916e-03,-2.773576288900168364e-03,-1.877614749746163263e-03,-5.986363955691916254e-05
-6.059080178228255292e-16,1.856285789216891111e-03,-4.179960054066094192e-04,6.455340254117806608e-04,1.449682531829328937e-03,5.576106986917456773e-04,4.839033747842160773e-04,-6.067785037467016704e-04,-2.939239986788091084e-03,-2.678641614842336600e-03,-1.292788441840729378e-03,-6.954753739842078376e-05
-9.628579113157284943e-16,2.136144596145283722e-03,-8.536089914631395104e-04,8.835419976567759339e-04,1.530072844443109131e-03,5.922611962907982450e-04,5.190136620361499942e-04,-5.711071802731803411e-04,-2.885148695224971048e-03,-2.582507167708393558e-03,1.469173496103206905e-04,-8.042321247497343265e-05
-1.075896128944855641e-15,2.505213267447247566e-03,-1.162106278571422863e-03,1.534520244610736552e-03,1.633013426185060549e-03,6.287020942920939614e-04,5.557087317738434789e-04,-5.478402701189960316e-04,-2.826539485494477828e-03,-2.472262739782088263e-03,1.632677133491534146e-03,-9.243236125990828499e-05
-1.187417055062182368e-15,3.386553512589863396e-03,-9.311085220957765951e-04,2.080081511505494762e-03,1.832962111284114565e-03,7.114832211639655641e-04,6.337723809110091177e-04,-5.332782597845781665e-04,-2.977314474052855132e-03,-3.000183963923441083e-03,-6.086474432910206518e-03,-1.354672794487833502e-04
-1.533351223770298510e-15,4.263401860019617150e-03,-1.009325190275271820e-03,2.441937500418940154e-03,2.022982897390371206e-03,7.604031768158213064e-04,6.769141823127600805e-04,-5.215995202481768728e-04,-2.913270344369762663e-03,-2.913121407731162054e-03,-7.289975254562926048e-03,-1.566563840527060588e-04
-1.640365547589214136e-15,5.635683126215796333e-03,-1.105307201827180003e-03,3.049785910655440548e-03,2.243639416168954296e-03,8.160692591379476411e-04,7.244600360292661719e-04,-5.139303313677171274e-04,-2.843862730077723056e-03,-2.808464544659901915e-03,-6.560428710084349052e-03,-1.794737701980534273e-04
-1.745971788199986182e-15,7.853666855077112013e-03,-1.216346648075698235e-03,3.964086871215752664e-03,2.497877438215805133e-03,8.753625885575073897e-04,7.746394220722772287e-04,-5.068356833803411071e-04,-2.769252604115972349e-03,-2.665601500410565063e-03,-9.780381904377303398e-03,-2.009217461160995232e-04
-1.850197555077283929e-15,1.235779547033039397e-02,-1.323008849817096117e-03,5.519589674581407319e-03,2.810822039345928138e-03,9.428245460854026844e-04,8.306204861797093515e-04,-5.043006884225507969e-04,-2.691560585412863110e-03,-2.520857116415887392e-03,-1.404365257953500180e-02,-2.241449445053091832e-04
-2.182842651221455366e-15,2.436708181846496471e-02,-1.402406222508871276e-03,8.286495497179444808e-03,3.204837021731780314e-03,1.016313467491879651e-03,8.927736489598607017e-04,-5.045719225944714052e-04,-2.610538368141856330e-03,-2.370443725911205567e-03,-2.097031222160198466e-02,-2.484346402645087426e-04
-2.282905047796972168e-15,4.606806209278874187e-02,-1.229031239778491987e-03,1.202085191396237707e-02,3.684228397241451868e-03,1.074291777418778446e-03,9.575487212360751094e-04,-4.998487921173672523e-04,-2.526661340268135641e-03,-2.214943415902909801e-03,-2.898222731961941356e-02,-2.734578007304261458e-04
-2.381684593134341632e-15,2.492611949841242250e-02,-9.865518234294225284e-04,1.264196237278481308e-02,4.129481755329013695e-03,1.086565451034064754e-03,1.008383717695678994e-03,-4.714714710142953289e-04,-2.443462088489683007e-03,-2.060573241597140302e-03,-1.597441983292855611e-02,-2.989446715617443003e-04
-2.704588145797687838e-15,1.572041344841587293e-02,-9.520207691046030660e-04,1.302821982486990389e-02,4.503703691293497666e-03,1.096366084209980662e-03,1.045462090996448915e-03,-4.367659877383008558e-04,-2.361908666250314270e-03,-1.910336927391608495e-03,-1.018926038650098086e-02,-3.244253560160178119e-04
-2.799448436776351905e-15,1.271014200584010510e-02,-9.326400649850602898e-04,1.302160499561355947e-02,4.844290995894806953e-03,1.107518997896839207e-03,1.074917732982627605e-03,-4.015112674633734553e-04,-2.281379307273758133e-03,-1.764278636657287637e-03,-7.549107116844949728e-03,-3.492417436195120761e-04
-2.893115516547737190e-15,1.143607950056319336e-02,-9.157022830576437393e-04,1.292122915908422431e-02,5.160213157912989408e-03,1.120402006865419851e-03,1.098932466737840164e-03,-3.663327764748521096e-04,-2.200988077021501232e-03,-1.622024135474389207e-03,-6.029345420853800784e-03,-3.731786392949015731e-04
3.096189971074626885e-15,1.064301253359578071e-02,-9.026662807723514342e-04,1.263094690201721840e-02,5.463418888529308556e-03,1.134835467886061329e-03,1.119798389068744427e-03,-3.317066191079411541e-04,-2.120468233266183632e-03,-1.483322439604814816e-03,-5.028963621515416399e-03,-3.957738876056801787e-04
2.857176193360792309e-15,1.083315754422708131e-02,-8.950093572776134142e-04,1.201722518174886886e-02,5.760475943710425054e-03,1.150554122598558071e-03,1.138981726765619321e-03,-2.980307029588192646e-04,-2.039744791966429521e-03,-1.347971819868122719e-03,-4.311648049409574045e-03,-4.165840021129416115e-04
2.839539303278318288e-15,1.003674119978805249e-02,-8.935779543067115614e-04,1.060221866516390492e-02,6.055378463253015958e-03,1.167206945397657571e-03,1.157469484967902805e-03,-2.657063534291953543e-04,-1.958830576335257676e-03,-1.215626507555111471e-03,-3.765907904480701902e-03,-4.351370058182717996e-04
2.605032753927820831e-15,9.709239876779567069e-03,-8.984043640324360308e-04,1.033245952017793241e-02,6.343390956285797910e-03,1.184695986397053379e-03,1.175468572950985960e-03,-2.347783750393275771e-04,-1.878127186624177535e-03,-1.086938934951039082e-03,-3.332702025477775158e-03,-4.511705644890744399e-04
2.373386040545012186e-15,1.023314062681231207e-02,-9.099519164596387441e-04,1.192864962651524197e-02,6.630634007309947620e-03,1.202696143342886449e-03,1.193558834832137176e-03,-2.054753129426218695e-04,-1.797795480862822686e-03,-9.618759894496333937e-04,-2.977449540268177920e-03,-4.643913907570166211e-04
2.359001882723527218e-15,1.044678131382273910e-02,-9.293190553208665510e-04,1.507291257383255693e-02,6.881135893532445980e-03,1.219846314324246443e-03,1.211169270489941864e-03,-1.771439654421295290e-04,-1.717792326673585638e-03,-8.424036231082949197e-04,-2.690605971964110752e-03,-4.766334259517983167e-04
1.918465386552266684e-15,1.066081497910717317e-02,-9.537128666756133346e-04,2.111963259365754256e-02,7.369868519188423062e-03,1.237115668035534879e-03,1.229886317716094666e-03,-1.531839643238014619e-04,-1.633484682321883390e-03,-7.163711799267872713e-04,-2.435651501415753584e-03,-4.838195335592629853e-04
1.695091173214511440e-15,1.064768941096529316e-02,-9.777339669457610349e-04,2.198932821866224352e-02,7.771984450114102251e-03,1.254205567772898565e-03,1.248887002197538549e-03,-1.308221464189193088e-04,-1.553046519091694526e-03,-5.970391749944841276e-04,-2.208816289617519368e-03,-4.867187367159291718e-04
1.685001344802520428e-15,1.088115414729184244e-02,-1.005580435030287894e-03,1.947863334282791056e-02,8.041156193742092506e-03,1.271197946806502943e-03,1.268145111001478011e-03,-1.095277209850291220e-04,-1.476993429851246624e-03,-4.858127800714852882e-04,-2.005895864555274320e-03,-4.858455269567509612e-04
1.465652057313435270e-15,9.684106155036380920e-03,-1.037275575229780304e-03,2.692373660347651201e-02,8.940158215975761713e-03,1.286416233276454655e-03,1.286568931400547920e-03,-9.315010022376211105e-05,-1.393216828739468616e-03,-3.623882973404572694e-04,-1.824495934230272983e-03,-4.805210330040196858e-04
1.248883349677162895e-15,1.418106661709695425e-02,-1.066988214731768442e-03,3.636901219713822853e-02,1.022769049897225176e-02,1.300967104618476955e-03,1.304457780993044727e-03,-7.959070999983189191e-05,-1.308882059493175288e-03,-2.370534306484341040e-04,-1.656386574267945406e-03,-4.700236023355935889e-04
1.241579938275542136e-15,1.067733880867876781e-02,-1.091669779527516078e-03,2.153226276584702115e-02,1.009867560304518290e-02,1.317124486561435269e-03,1.323813167658978353e-03,-6.242964405713707140e-05,-1.240956288667771851e-03,-1.400157304452882465e-04,-1.501500980050064337e-03,-4.576677019593138984e-04
8.229076335082083409e-16,1.024741712937850616e-02,-1.122392726041524479e-03,8.913080040256617792e-03,9.971461266821557076e-03,1.332202178366146067e-03,1.342987003568353642e-03,-4.701374719196957738e-05,-1.173725194715310527e-03,-4.499354612712765268e-05,-1.359982940703885913e-03,-4.424506427622435433e-04
8.181509419850395094e-16,1.603097450356590070e-02,-1.154827131182083839e-03,5.748865384241843776e-03,1.015333306294104176e-02,1.345879410410264496e-03,1.361652089491831785e-03,-3.375862397135715869e-05,-1.106617151892574967e-03,4.949040857425694202e-05,-1.229467256618848713e-03,-4.242640651810476141e-04
6.100866938078097222e-16,6.958933180130522957e-03,-1.184958298775697820e-03,4.307715257141903412e-03,1.050348940735143337e-02,1.358328277094967640e-03,1.379753410100915088e-03,-2.212343230077372190e-05,-1.041058921301906814e-03,1.413686080474365985e-04,-1.108222697137847086e-03,-4.034339002507814445e-04
4.044003227526054055e-16,1.487262739517095436e-02,-1.213377288937751838e-03,5.484777739379297079e-04,1.089846421951112983e-02,1.369704792148149610e-03,1.397249607745148408e-03,-1.173004592934587022e-05,-9.776734511647378143e-04,2.298916639098037861e-04,-9.948604140307740467e-04,-3.801999429109731606e-04
4.021025936460565243e-16,1.954689802786788513e-02,-1.239816978667313344e-03,-1.100166856883093118e-02,1.082732860656101907e-02,1.380490551650365421e-03,1.414362736698229284e-03,-2.181062351409082690e-06,-9.172354128793205452e-04,3.144480212289277907e-04,-8.876886541310419513e-04,-3.544991836204800764e-04
1.999154137901298619e-16,2.149063436943069241e-02,-1.264132865490392521e-03,-1.202698685866960930e-02,1.107124955105356391e-02,1.389960475052419257e-03,1.430582085413054354e-03,6.233118877733623979e-06,-8.584840621295875690e-04,3.961742130130451963e-04,-7.874181710772037426e-04,-3.272836893506155887e-04
0.000000000000000000e+00,5.115217951771706267e-02,-1.286346244753004816e-03,-4.010231406835582969e-03,1.142361907188627068e-02,1.398494083299328932e-03,1.446143886314723431e-03,1.384169306073681849e-05,-8.020199118760235361e-04,4.745151829559550796e-04,-6.927570741167717559e-04,-2.985766572416492294e-04
-1.976817220159385058e-16,4.472623615215617215e-02,-1.306650973884301023e-03,6.885173129683812808e-03,1.167291407957710137e-02,1.406240797738596325e-03,1.461104282541888936e-03,2.081898872949550003e-05,-7.479783927079804466e-04,5.494282461541058048e-04,-6.030606494032474205e-04,-2.685949048875836296e-04
-3.931669804539222384e-16,2.800194502372342978e-02,-1.325149822797083146e-03,1.066132548448095810e-02,1.136533029064086021e-02,1.413391876972511273e-03,1.475686713364026195e-03,2.737634897218358521e-05,-6.966422285611558168e-04,6.204918572926466274e-04,-5.177616329664949104e-04,-2.375989045613593261e-04
-5.864921807876189351e-16,4.795327530577490893e-02,-1.342168587528873346e-03,5.690547039356163954e-03,9.933152124936488886e-03,1.420032029814472831e-03,1.490088493686201601e-03,3.368201543912434462e-05,-6.482051528040752792e-04,6.872977790085415010e-04,-4.365162499057036812e-04,-2.059269859844340116e-04
-5.832696962777968600e-16,-1.260307315168272546e-01,-1.358019056007400130e-03,-1.832273621497753496e-02,6.043214173799235298e-03,1.426264263806770270e-03,1.504444539272001150e-03,3.986795556297497524e-05,-6.027562692259051062e-04,7.497647376661683693e-04,-3.590474302391320608e-04,-1.738347342117098923e-04
-7.734432402372243875e-16,-2.944538461164824539e-01,-1.372196721745725691e-03,-7.414776873976153260e-02,-1.458728460446252588e-03,1.431956291543396266e-03,1.518523921375512916e-03,4.585036261402836621e-05,-5.598591985800711228e-04,8.086425194492369208e-04,-2.853327425424921323e-04,-1.415742258174382858e-04
-9.615496804579626215e-16,-6.274865809621019697e-01,-1.384935235792631412e-03,-1.523703990817636689e-01,-1.208508083024169982e-02,1.436741232194641395e-03,1.532079237854742622e-03,5.160393377139371751e-05,-5.192285814201366961e-04,8.639985043382250899e-04,-2.154381000923079022e-04,-1.096247581251837036e-04
-9.563521146176494369e-16,3.104108041337050317e+00,-1.395610237637397643e-03,-8.236360701390513239e-02,-2.966645021794692832e-02,1.440879641180995395e-03,1.545478783551406787e-03,5.729616796364489311e-05,-4.810858564630186894e-04,9.154450524041336324e-04,-1.489671388808133830e-04,-7.816006687666315347e-05
-1.331694611214899150e-15,1.995787007384099532e+00,-1.406438308305693347e-03,5.704559202743645502e-02,-4.878127247667495003e-02,1.443751988011516846e-03,1.557506405712062421e-03,6.262928683659329523e-05,-4.442149221431401264e-04,9.652775504122199871e-04,-8.612557982073259805e-05,-4.716414313616457365e-05
-1.324573249657600202e-15,4.977651879445683214e+00,-1.598704241024802601e-03,8.761804540939002739e-02,-6.673856254558918621e-02,1.170245026233479244e-03,1.278059471344250748e-03,7.935301978027279463e-05,-2.650806966211707990e-04,1.191914435262945776e-03,-1.072996918103490420e-04,-2.717833997914153896e-05
-1.505745882589491157e-15,1.662371707614463290e+00,-1.441825412928773734e-03,2.954788339559991442e-02,-5.737018119598971677e-02,1.191289655291340611e-03,1.309030076249728192e-03,7.415040488112043806e-05,-2.448213281280814477e-04,1.230879752506072690e-03,-1.986131450104459023e-05,2.009585728586580416e-05
-1.685001344802526147e-15,7.363181890571236510e-01,-1.341390555977025299e-03,2.480841903007965227e-02,-3.802842390999591760e-02,1.229607974625703459e-03,1.354846466858121868e-03,7.101961685438420112e-05,-2.325521520396331269e-04,1.263671957518877403e-03,7.268435996753418475e-05,7.199412941536880448e-05
-1.676132916671986498e-15,9.349337161442813349e-01,-1.278932694342221508e-03,1.197874583095816514e-01,-2.592465392215253378e-02,1.256690220992644083e-03,1.388710048585574180e-03,7.061072945802834052e-05,-2.156682810665885646e-04,1.296925330481879047e-03,1.493949758282908527e-04,1.149616600117114076e-04
-1.852619279625814330e-15,3.029166130631465226e+00,-1.288996659486418969e-03,2.403474797884478098e-01,2.878211246446096133e-02,1.328947969515583511e-03,1.465918975695450948e-03,7.304634433692479614e-05,-2.163630415013311143e-04,1.320709352719203877e-03,2.467207716249038068e-04,1.726259467821265295e-04
-2.027267242965539961e-15,1.090165853859482947e+00,-1.297762108818006519e-03,6.478639891133172735e-02,3.212785638173710351e-02,1.367923545650723011e-03,1.512828231540686930e-03,7.771258287115630605e-05,-2.067214412929160969e-04,1.342645010976882113e-03,3.161219783179985976e-04,2.112430012982489263e-04
-2.200105382850967581e-15,1.039097615622396331e+00,-1.306433094323940659e-03,-2.368244885098591546e+00,-1.712796395661770471e-02,1.376503377201337497e-03,1.529841006655072427e-03,8.364255078128135165e-05,-1.859231511862300681e-04,1.370215895820039824e-03,3.650071293144215132e-04,2.372253665670781846e-04
-2.371161686242731781e-15,1.052437784289232958e+00,-1.314188148642487196e-03,3.195097596893057279e+00,-1.519153178197505949e-01,1.359470709841598254e-03,1.522234053651619519e-03,9.056144638115274672e-05,-1.585812809763884014e-04,1.398320138514288135e-03,3.999042021827795500e-04,2.533996960313655909e-04
-2.540463566009964828e-15,8.895435764147787694e-01,-1.315789143847444524e-03,2.380966956544972923e+00,-4.221908750516512598e-01,1.327236049137560424e-03,1.500669016806110371e-03,9.769420648790333103e-05,-1.299144899539695567e-04,1.423346422637338567e-03,4.281167408254424192e-04,2.644502961688644481e-04
2.527502017203778571e-15,9.612967603599600341e-01,-1.317626028181452741e-03,-5.540377694624961435e+01,-6.740526371186026378e-01,1.302755818188567954e-03,1.485576375674608996e-03,1.041302930806193514e-04,-1.045194048859916027e-04,1.448355607616495224e-03,4.594679075640512793e-04,2.789238553025087620e-04
2.335052625030902708e-15,9.730224554396331715e-01,-1.313980116523581548e-03,-3.619486411066397680e-01,-1.135794131244236116e+00,1.261497032163203403e-03,1.454452468646084571e-03,1.108347551598290134e-04,-7.780800735860337550e-05,1.469680612009987078e-03,4.844094724168536187e-04,2.878897712592741053e-04
2.323259429954989088e-15,9.427065217029664268e-01,-1.305198507140838690e-03,2.098010393418061059e-01,-1.526873918141069097e+00,1.234587093622877127e-03,1.435865080672020858e-03,1.162952550329855175e-04,-5.569339795762646425e-05,1.490894867915351770e-03,5.140816588765480472e-04,3.018291905067746754e-04
1.955956334921518008e-15,1.016017199687279993e+00,-1.291804662054276331e-03,3.614107223683541981e-01,-1.971717256133480589e+00,1.200380024705908783e-03,1.409607320459830117e-03,1.215552806924253279e-04,-3.365857792229021898e-05,1.509934177428485201e-03,5.405611033458793298e-04,3.130991610928205663e-04
1.769251412042646301e-15,1.439500550885116859e+00,-1.273017310937759683e-03,2.639022044347874574e-01,-2.299135045798053945e+00,1.176103104497388347e-03,1.392215132408239570e-03,1.260178312888100285e-04,-1.497026683445618169e-05,1.528476701074349365e-03,5.694359427667681616e-04,3.273871726075664249e-04
1.760449166211588383e-15,1.609767998627256169e+00,-1.247723238940528665e-03,3.834752164105272865e-01,-2.113775008485774265e+00,1.162687014943138229e-03,1.384800863724595151e-03,1.295402760386311718e-04,9.529134487519417347e-07,1.547565301010271708e-03,6.002030552780041788e-04,3.445515074567140888e-04
1.576560664196417769e-15,4.368889518663196525e-01,-1.216211228343102267e-03,4.800644458624492295e-01,-1.922210521071441525e+00,1.118472194989075580e-03,1.346185409321210349e-03,1.330575888350532369e-04,2.194721506188014433e-05,1.563812873405239553e-03,6.210032689427246073e-04,3.518446795901583189e-04
1.394483871560707091e-15,9.257290294740830872e-01,-1.178414122006542913e-03,5.629368853108427384e-01,-1.857317962865987271e+00,1.070740682722872089e-03,1.303314688183862839e-03,1.358703193883555374e-04,4.234827376010804966e-05,1.578875904252851833e-03,6.404992282817277170e-04,3.581665189178119720e-04
1.387648166307958510e-15,1.001354933380877110e+00,-1.137199496494748939e-03,6.205449063450826364e-01,-1.203330774600421371e+00,1.076324991421578545e-03,1.315854914492924944e-03,1.373361275888026697e-04,5.046334790211300992e-05,1.592852952029740051e-03,6.724616925783549748e-04,3.779100740264225975e-04
1.208269257004734925e-15,1.070493889408869581e+00,-1.100626590158389987e-03,6.496476866530641603e-01,-7.292874520025349749e-01,1.022361379820851479e-03,1.262311507996060483e-03,1.400047082737324391e-04,7.155250342827952756e-05,1.608928618001020938e-03,6.887656685279093917e-04,3.825928360591433698e-04
8.588599087585668654e-16,1.017160425724755290e+00,-1.066275047479247305e-03,6.434232666276382684e-01,-6.765425401951949969e-01,9.427574223509236706e-04,1.177847829260684955e-03,1.431560149768684286e-04,9.728910039074511107e-05,1.626008688858109411e-03,6.995039982553963960e-04,3.821434264893975533e-04
8.547108270737429419e-16,1.062220334037570435e+00,-1.047697579467355171e-03,-2.168514674398888786e+00,-3.497740778515055493e-01,9.390386367814528750e-04,1.174331196204132181e-03,1.476859702767740936e-04,1.038525108575383813e-04,1.634295658687207227e-03,7.260415845921601311e-04,3.970617459581419757e-04
6.804813123240954821e-16,1.073516900969990306e+00,-1.022318724165175666e-03,9.895923856048524314e+00,-1.896593077861377097e-01,8.929233670924108333e-04,1.120936951487515624e-03,1.516678167764038863e-04,1.208657852256875883e-04,1.648709074805820764e-03,7.428225196435188317e-04,4.037167721359064096e-04
6.772254208775687066e-16,1.038007206023515483e+00,-9.911711145178512573e-04,8.007356383137655964e-01,-4.372596351309041007e-01,7.962412438544687852e-04,1.006369408810836976e-03,1.551175542569542152e-04,1.492714880982941241e-04,1.670044389049595143e-03,7.502253289923098293e-04,4.023083791374771484e-04
5.055004034407567199e-16,1.746789053111941215e+00,-9.840095608202436422e-04,-2.964210773688926182e+01,-1.035620190332870783e+00,7.586549385365043635e-04,9.561897642369498497e-04,1.620737746606042910e-04,1.614605559316393895e-04,1.679823894577947086e-03,7.683578907036574257e-04,4.102834049559360820e-04
3.354031112877059429e-16,1.349670457238236754e+00,-9.707229893201048225e-04,1.486556754773126876e+00,-4.075578792911427328e+00,7.089894063512391540e-04,8.889414005087477744e-04,1.683222695080226075e-04,1.768472207059072949e-04,1.693092069824113930e-03,7.838001876128678110e-04,4.167572854586231237e-04
3.338210211401224562e-16,1.114878170471938379e+00,-9.467555493841199815e-04,9.561450580343903161e-01,1.296847437551509330e+01,6.289761299117644549e-04,7.823271384319365742e-04,1.729445908580051446e-04,1.996315488332743463e-04,1.713259379373273644e-03,7.942915970430463246e-04,4.198429166228670418e-04
0.000000000000000000e+00,6.167795847000903109e-01,-9.368371625878655230e-04,5.618398903767071184e-01,4.364330449447436422e+00,5.671516507998119409e-04,6.939897368603073621e-04,1.802298056343985334e-04,2.164470982882217554e-04,1.727875313468873499e-03,8.076124236980076468e-04,4.250547975957100861e-04
-1.653505992563223902e-16,-6.241511979650158359e-01,-9.497733639970916929e-04,-9.575735297643721278e-02,3.002592824966723306e+00,5.592147145867109193e-04,6.683996700941026783e-04,1.922844840134003812e-04,2.195412370396554729e-04,1.730483443283335277e-03,8.277768159770284694e-04,4.356478903613369568e-04
-1.645815267016418260e-16,-6.940202924376179361e+00,-9.359891087786364073e-04,4.059568837215450920e-01,2.887178329990727654e+00,4.977099829252939339e-04,5.716336652828240498e-04,1.995516464780953817e-04,2.371288721282553799e-04,1.748920716229454596e-03,8.402070028956745186e-04,4.418092019316175161e-04
-3.276391503782685073e-16,1.587860796152163190e-01,-9.631494629947358159e-04,-1.163253343577228982e+01,2.796384282470969040e+00,5.020909109599832948e-04,5.509408159534984325e-04,2.161125023485906431e-04,2.381739212840350880e-04,1.751351642572979367e-03,8.600250298888583627e-04,4.529949385627725519e-04
-4.891939388136360762e-16,-1.402840256082762860e+00,-1.044246060239475494e-03,-1.886938912370161425e+00,2.487573631707218791e+00,6.048054850964228093e-04,6.493065605116990057e-04,2.465269788109812187e-04,2.159598989283382847e-04,1.730109568431222739e-03,8.892742259347687344e-04,4.701378074816732976e-04
-4.869499299199955681e-16,-2.459319259768953714e+00,-1.139659510196790746e-03,-1.597820681892206496e+00,2.161164245900339065e+00,7.244736475451070542e-04,7.655106018608382476e-04,2.832629136177962706e-04,1.907197320756565530e-04,1.704827822238009572e-03,9.179370600175425481e-04,4.864181758699883491e-04
-8.078773570971008370e-16,-1.851853354918165717e+00,-1.173330861585976381e-03,-8.629416734468619010e-01,5.764137937729705286e-01,8.706334621520397249e-04,9.447567279135218226e-04,3.070145498829414117e-04,1.650572192958253161e-04,1.684485802418172161e-03,9.465594451541238779e-04,5.050512213258740368e-04
-9.650462247505369995e-16,-1.069314575070469342e+00,-1.148673449910258366e-03,-3.269312711208898214e-01,-1.299967636130002013e+01,9.635894188666885600e-04,1.082882642261107217e-03,3.165371136724292526e-04,1.538334280317835492e-04,1.680756758128566482e-03,9.681654311069008267e-04,5.198398628147251786e-04
-9.606794997516657530e-16,-3.285589274130540360e-01,-1.166166505462538959e-03,-3.001819564619602129e-02,7.977187446933241333e+00,1.156238134806555212e-03,1.379296037740475583e-03,3.384353136626668522e-04,1.210917914626560436e-04,1.651637905523661983e-03,9.962359642738077663e-04,5.368240809040615352e-04
-1.115744133720590977e-15,9.034138126055513140e-01,-1.193560613180506130e-03,3.054388730861634094e-01,4.066563771087331247e+00,1.385666817827525127e-03,1.769318450490230165e-03,3.649166720189776433e-04,8.021242892234653065e-05,1.609361086632201104e-03,1.024660133749068615e-03,5.515734850892885883e-04
-1.110740796798077122e-15,1.815657086459675273e+00,-1.220258985295408953e-03,4.722546040177062476e-01,3.255141220662826296e+00,1.621461955144088644e-03,2.160028527758145380e-03,3.930182955347352714e-04,4.154204612000492647e-05,1.571002512545820184e-03,1.050995002780516149e-03,5.657341018531809743e-04
-1.263751008601894216e-15,2.840747807203752195e+00,-1.226422030564230416e-03,5.267180488349552103e-01,2.830593189050804259e+00,1.781148068077123775e-03,2.431690851841428799e-03,4.161759730554250459e-04,1.957759388216224748e-05,1.550428630355298954e-03,1.069951835235885421e-03,5.754448233633596308e-04
-1.415401129634121656e-15,6.136247080698306711e+00,-1.202768651915960560e-03,3.399298129847193040e-01,2.509884977526269711e+00,1.783877119161379450e-03,2.435934099355502834e-03,4.301086411881301064e-04,2.758875800491635639e-05,1.561986568815936643e-03,1.077682283553228152e-03,5.785618551498247645e-04
-1.565709214197037317e-15,1.102908215994882424e+00,-1.257951472291617264e-03,1.281050329132715423e-02,1.975620525995815502e+00,1.943633675876419884e-03,2.651184017114719804e-03,4.739270769584445720e-04,4.935284339811523674e-06,1.535631199758348076e-03,1.093804230226309458e-03,5.839377269106011325e-04
-1.714692998455434126e-15,1.859648547296585575e+00,-1.325204018559419375e-03,-6.044495150290984942e-01,1.527930870908771555e+00,2.129229852327551697e-03,2.895822849209501049e-03,5.258833240056798091e-04,-2.148955959361586443e-05,1.503836739000930693e-03,1.109828881589438590e-03,5.886142429656487929e-04
-1.862369907413318726e-15,1.007799670296157135e+00,-1.379007093605566893e-03,-1.330842189908098838e+01,1.259152462452118426e+00,2.268891113861823058e-03,3.057304071231484958e-03,5.762915065015066863e-04,-3.845012366062808973e-05,1.482749749290822316e-03,1.122066968454405985e-03,5.914323790509610004e-04
-1.854237287730291007e-15,1.009120618787680002e+00,-1.401154722798220740e-03,1.788201926440107892e+00,9.225240527238005583e-01,2.313718687222309639e-03,3.068697841674343074e-03,6.165518674931169587e-04,-3.905926380659430620e-05,1.480572526467679442e-03,1.129009555025726596e-03,5.919605730069677114e-04
-2.000023335352564320e-15,9.366379391003364363e-01,-1.376733650933198612e-03,1.186166895675121680e+00,5.207232600906994691e-01,2.219070782837502791e-03,2.873825700411567711e-03,6.377772721124832242e-04,-1.698927358319355434e-05,1.506047194031800334e-03,1.129665085579895784e-03,5.904603258460787516e-04
-2.144547166112307117e-15,8.321133760157877202e-01,-1.422333136562539940e-03,1.010705793596167190e+00,1.618327586329475487e-01,2.362055583818455443e-03,3.078436483545077176e-03,6.933790598354547773e-04,-3.303193675455644789e-05,1.484159297571000045e-03,1.139469048331849966e-03,5.910136046319038310e-04
2.135303428327331267e-15,5.261684492556234494e-01,-1.459194999625844586e-03,8.455162889477190191e-01,-7.105378756690641229e-01,2.496536331850930570e-03,3.274416223877964389e-03,7.483929628874880181e-04,-4.674634451154125933e-05,1.464970576548436281e-03,1.148087377797087994e-03,5.910943525519986785e-04
1.822404887940923251e-15,-2.067521049865417293e-01,-1.475050849685375113e-03,6.018217282910054422e-01,2.687575596221080776e+00,2.594731495990468175e-03,3.430719081053832525e-03,7.957402936352662428e-04,-5.401586104399190867e-05,1.454228954910315218e-03,1.154809953429733298e-03,5.908946315019880831e-04
1.814616832864252647e-15,1.766122724917236209e+00,-1.464205346071397124e-03,-4.486685666588454691e-01,5.833746733002974638e-01,2.612764496768719101e-03,3.458572995043825583e-03,8.306543197014806812e-04,-4.944130865311785147e-05,1.459049350593730719e-03,1.158717077272194799e-03,5.904955846727310371e-04
1.656320470848435066e-15,1.323284588363517811e+00,-1.430575367047736508e-03,3.037906921628730661e+00,3.479912750315666825e-02,2.545753526247732882e-03,3.337488096697767415e-03,8.532760399034424554e-04,-3.350173038369421590e-05,1.478697300149570733e-03,1.160114447532822066e-03,5.898760777759316657e-04
1.499365603425971980e-15,1.310452148404605666e+00,-1.432101753687141637e-03,2.077420354826574833e+00,-2.898723094598274486e-01,2.677991931414586742e-03,3.600500057100547782e-03,8.977983171131122438e-04,-4.370749891191065225e-05,1.463792493179037106e-03,1.166309442554382386e-03,5.889002817281821815e-04
1.493039166280714745e-15,1.196300976023709106e+00,-1.427571317469482218e-03,1.640146060578566267e+00,-9.710733231428906320e-01,2.808595881331734257e-03,3.866925451233477889e-03,9.404151273205003892e-04,-5.281551789455423584e-05,1.450619723524016521e-03,1.172019982791045866e-03,5.880053120126097106e-04
1.338089303225531490e-15,9.931371615815067777e-01,-1.413146119644410805e-03,1.297538498182719380e+00,-4.037278149863744225e+00,2.897631537029940821e-03,4.038241973872606395e-03,9.779626015664775931e-04,-5.632278109793514560e-05,1.444967539247306657e-03,1.176475923047125239e-03,5.871866593015949388e-04
1.184436091744031723e-15,7.696813875686546735e-01,-1.389141082383009689e-03,1.072779613283636913e+00,4.111461013906258621e+00,2.904667180489662378e-03,4.007425526106531827e-03,1.009698110469834731e-03,-5.041927402021580579e-05,1.452264269351799314e-03,1.179251954271283822e-03,5.867966694362978424e-04
1.032063323691544464e-15,6.464454930370273633e-01,-1.361708926487976284e-03,9.987791146680448096e-01,1.929089400767788565e+00,2.863417230398327198e-03,3.845226379501948295e-03,1.039278763170261395e-03,-3.968501523242795294e-05,1.466558423513723624e-03,1.181264616639022625e-03,5.868185681516866316e-04
8.809550599382478925e-16,5.550674320225555958e-01,-1.339756026645129569e-03,9.503681498030445152e-01,1.523071245430084319e+00,2.935530722730491770e-03,3.954290286783510196e-03,1.073402565838937547e-03,-4.099176936759439416e-05,1.464354854644336163e-03,1.184958145984207206e-03,5.861851688410012109e-04
7.310956248110115935e-16,5.704157486937120325e-01,-1.315708892757882012e-03,9.232824951137070801e-01,1.304213605663151254e+00,2.980898526814593306e-03,3.984660933551830569e-03,1.106308902822632266e-03,-3.947959261882895459e-05,1.465976829358581505e-03,1.188094380532617135e-03,5.856590838861665520e-04
7.280870008405959927e-16,5.596833408165899915e-01,-1.292781158961750021e-03,8.710556647429953392e-01,1.150596552971088649e+00,2.976923224396320778e-03,3.872512087846577064e-03,1.140542054878334113e-03,-3.369937221946698339e-05,1.473699688955816198e-03,1.190646448589822038e-03,5.855637139549343343e-04
5.800824301779175264e-16,8.282613642532291598e-01,-1.272194897903312395e-03,3.681662238544119448e-01,1.005265090229792602e+00,2.959958511095626271e-03,3.719008423884228275e-03,1.177339171841071874e-03,-2.751731462979532537e-05,1.482414633289971069e-03,1.193227324845523574e-03,5.858008103100114002e-04
5.777147467894363077e-16,9.051392909638819040e-01,-1.244998964054098685e-03,2.037229582228763380e+00,8.570138787055611163e-01,3.028418711282462351e-03,3.817885429510110232e-03,1.208299633179425042e-03,-2.843408903517876497e-05,1.480956010324621652e-03,1.196436493443109013e-03,5.852512238733550325e-04
2.876831564296990100e-16,1.039197330404489028e+00,-1.215822936405637576e-03,1.439680252626964752e+00,6.464351923125675192e-01,3.080388760685537006e-03,3.898820670981594395e-03,1.237157370136328502e-03,-2.781327824049261658e-05,1.481588161471788893e-03,1.199338568689326413e-03,5.847685612316817294e-04
1.432592236471780715e-16,1.182239460695113209e+00,-1.187894154074630544e-03,1.324325983250581151e+00,3.235700693143349349e-02,3.086471019992457262e-03,3.873399934639626570e-03,1.266983992025304305e-03,-2.373323999060953301e-05,1.487088961414687787e-03,1.201800080195991821e-03,5.845872300122522108e-04
1.426815654873104154e-16,1.204056220334210670e+00,-1.166519028398122155e-03,1.240482047350555117e+00,4.088791124349164363e+00,3.040911361122161996e-03,3.691862204592672846e-03,1.303811960018238939e-03,-1.661759682991852525e-05,1.497104112675289424e-03,1.204024308729196658e-03,5.848879134580909321e-04
0.000000000000000000e+00,1.000058720361837183e+00,-1.141874341214992213e-03,1.185717462624976237e+00,1.680045756865470308e+00,3.008280806358371463e-03,3.597772641478337412e-03,1.337121641124887263e-03,-1.083568659844401907e-05,1.505215081427666111e-03,1.206341863251760536e-03,5.850667992120301862e-04
