0.000000000000000000e+00,2.000000000000000389e-02,1.000000000000000000e+00,0.000000000000000000e+00,0.000000000000000000e+00,0.000000000000000000e+00,0.000000000000000000e+00,0.000000000000000000e+00,9.999999999999998890e-01,1.000000000000000000e+00,1.000000000000000000e+00,9.999999999999999167e-02
1.004016064257028107e-01,9.047201836667635722e-04,9.998969336073851855e-01,6.610413466844474687e-05,3.424706332318050645e-05,1.081510101497198014e-06,7.374875285455576197e-03,1.608643691879841212e-06,9.999983034583944663e-01,1.000000454421504203e+00,9.956506150324521132e-01,1.000013554209151084e-01
2.008032128514056214e-01,4.045606213798558161e-04,9.998839867854171226e-01,4.220431097072733606e-05,6.255518683664576399e-05,1.247981129505650931e-06,1.350535912209380532e-02,6.767420214366368485e-06,9.999920751468580615e-01,1.000001106962356001e+00,9.953040773669238339e-01,1.000027108405891485e-01
3.012048192771084043e-01,5.231877883112151777e-04,9.998699209966886992e-01,2.913540195455188925e-05,7.796667727589554162e-05,1.594492839074828910e-06,1.828674545968200435e-02,1.423096628321539664e-05,9.999832091337650386e-01,1.000001887197148775e+00,9.949753897710453820e-01,1.000040662591811513e-01
4.016064257028112428e-01,6.067204720762555195e-04,9.998528725149864460e-01,2.327676233071026508e-05,8.700865703342333223e-05,2.154773728569041910e-06,2.369792442999816770e-02,2.377729512604504825e-05,9.999731122972881359e-01,1.000002912479928563e+00,9.945719179505129182e-01,1.000054216769439147e-01
5.020080321285140812e-01,6.611984657861377356e-04,9.998330035812341698e-01,2.091425313891376122e-05,9.312288063806361833e-05,2.905181653156245801e-06,3.048482268731481440e-02,3.583767830757651193e-05,9.999624903625096151e-01,1.000004294247070824e+00,9.941203975876752308e-01,1.000067770942910383e-01
6.024096385542168086e-01,7.021940765259805997e-04,9.998100061735901711e-01,2.021954177749501574e-05,9.794648166710645542e-05,3.817353778040106070e-06,3.879742342124366250e-02,5.100508963716925939e-05,9.999516952876533749e-01,1.000006124871786195e+00,9.936358621051738504e-01,1.000081325117655878e-01
7.028112449799196471e-01,7.375965118516125034e-04,9.997833874178483349e-01,2.032174895123651276e-05,1.022621054197879345e-04,4.864167695813762521e-06,4.854001268667661878e-02,6.985620593582009014e-05,9.999409075933645141e-01,1.000008480100933239e+00,9.931250748719105959e-01,1.000094879300298112e-01
8.032128514056224855e-01,7.712438691105058010e-04,9.997526612054711270e-01,2.081720573014318474e-05,1.064374039226960152e-04,6.022059347024988670e-06,5.953357079205347929e-02,9.286989963270827575e-05,9.999302185321100600e-01,1.000011419816171365e+00,9.925906773022195040e-01,1.000108433498428789e-01
9.036144578313253239e-01,8.048803506580540310e-04,9.997174034920616181e-01,2.152195895371653356e-05,1.106469719414809226e-04,7.270650332791792363e-06,7.157795554686789685e-02,1.204216848937535996e-04,9.999196727270259766e-01,1.000014992221387677e+00,9.920332368247196664e-01,1.000121987721034750e-01
1.004016064257028162e+00,8.397684047339050960e-04,9.996773438538476553e-01,2.235277882695334379e-05,1.149727106233923749e-04,8.596055036778938810e-06,8.452417864769543043e-02,1.527365050533896224e-04,9.999092879803913592e-01,1.000019228730214316e+00,9.914526281479174585e-01,1.000135541976206605e-01
1.104417670682730890e+00,8.748798233012930903e-04,9.996322581425720610e-01,2.324967551766732342e-05,1.194860914459452722e-04,9.986706393026638585e-06,9.824681257285516889e-02,1.899861077526866630e-04,9.998990767279634095e-01,1.000024155592135200e+00,9.908481379499181063e-01,1.000149096272038712e-01
1.204819277108433617e+00,9.120452044490647741e-04,9.995819600459379117e-01,2.420447865151763268e-05,1.242027349404963065e-04,1.143043012286524804e-05,1.125938393365912699e-01,2.322929590829016298e-04,9.998890284716642762e-01,1.000029798210164245e+00,9.902186466537760134e-01,1.000162650621168187e-01
1.305220883534136567e+00,9.514078426469738245e-04,9.995263805059781959e-01,2.521647065565973687e-05,1.291350172695521648e-04,1.292152521301061561e-05,1.274922516093016656e-01,2.796836177719791601e-04,9.998791314811957820e-01,1.000036168821371918e+00,9.895630827380569317e-01,1.000176205032518167e-01
1.405622489959839294e+00,9.925875636812647122e-04,9.994654779694686075e-01,2.628567846177756636e-05,1.342978638024810057e-04,1.445574079591810770e-05,1.428865598023576489e-01,3.321581470060468080e-04,9.998693717417593829e-01,1.000043277315337820e+00,9.888802152176564553e-01,1.000189759515198729e-01
1.506024096385542244e+00,1.035728153903244615e-03,9.993992331092244052e-01,2.741169080627054016e-05,1.397106370375408846e-04,1.602921006037205272e-05,1.587233942214112958e-01,3.896852956993301139e-04,9.998597249871684634e-01,1.000051134616230630e+00,9.881683366319633510e-01,1.000203314082221129e-01
1.606425702811244971e+00,1.080936672696112578e-03,9.993276453660857594e-01,2.859476394654763103e-05,1.453808607513962052e-04,1.764082648931717106e-05,1.749864369316008750e-01,4.522462421663369031e-04,9.998501804104464874e-01,1.000059744569058218e+00,9.874267358718112897e-01,1.000216868738908055e-01
1.706827309236947698e+00,1.128465004536256941e-03,9.992507307151308193e-01,2.983819550538918553e-05,1.513326204721575472e-04,1.928909043354207147e-05,1.916471398108222646e-01,5.197657650403310478e-04,9.998406995005241216e-01,1.000069118065959994e+00,9.866529535350310187e-01,1.000230423502527083e-01
1.807228915662650648e+00,1.178325171964009471e-03,9.991684933437899874e-01,3.114286160496240611e-05,1.575681387286539644e-04,2.097463169785385918e-05,2.087119493292774741e-01,5.922359372054552618e-04,9.998312778260503020e-01,1.000079255788486110e+00,9.858467221188792484e-01,1.000243978374535797e-01
1.907630522088353375e+00,1.230716248368619046e-03,9.990809513673355458e-01,3.251283932031102302e-05,1.641092873233141044e-04,2.269766900095693352e-05,2.261737083475028331e-01,6.695886514536413979e-04,9.998218789139211582e-01,1.000090167056741253e+00,9.850057356181867174e-01,1.000257533370223773e-01
2.008032128514056325e+00,1.286002517847479806e-03,9.989880909224087002e-01,3.395763504004335791e-05,1.709989428032409459e-04,2.446340065891594915e-05,2.440762961377987983e-01,7.517554677487411083e-04,9.998124324279492603e-01,1.000101872546597104e+00,9.841254041377337503e-01,1.000271088516306306e-01
2.108433734939759052e+00,1.344158418838923424e-03,9.988899124686906328e-01,3.547660403516177021e-05,1.782341276930461747e-04,2.627151427650548180e-05,2.624172555679583074e-01,8.387418017382704434e-04,9.998029432643492642e-01,1.000114370846762579e+00,9.832060457075134652e-01,1.000284643810894769e-01
2.208835341365461780e+00,1.405079367367735458e-03,9.987864178869458875e-01,3.706710842608811117e-05,1.858026597866404368e-04,2.812073170276832324e-05,2.811865333925193111e-01,9.305698112994716283e-04,9.997934314557624935e-01,1.000127656183003921e+00,9.822489615328796608e-01,1.000298199246263120e-01
2.309236947791164507e+00,1.469367660438377233e-03,9.986774997309607604e-01,3.874443632599629619e-05,1.937728028369757876e-04,3.002106214829101250e-05,3.004764592957989700e-01,1.027224154535959309e-03,9.997837910569785658e-01,1.000141767298323492e+00,9.812469273698797290e-01,1.000311754861693825e-01
2.409638554216867234e+00,1.537070235112528377e-03,9.985631496274414154e-01,4.050977913897049222e-05,2.021498766446806132e-04,3.197328563178720469e-05,3.202942285386993770e-01,1.128703635852318929e-03,9.997740138116774089e-01,1.000156707211967477e+00,9.801993802325091876e-01,1.000325310660248462e-01
2.510040160642570406e+00,1.607996992149959403e-03,9.984434014889653763e-01,4.235831157337325881e-05,2.109123355479381248e-04,3.397424300865931442e-05,3.406106996798564657e-01,1.235013097515447189e-03,9.997641331586838431e-01,1.000172463695723435e+00,9.791086002637481300e-01,1.000338866629528339e-01
2.610441767068273133e+00,1.682840735373068329e-03,9.983180009412576661e-01,4.430767719711303012e-05,2.201382293148276370e-04,3.603712881864055620e-05,3.615544765566685581e-01,1.346276031905447885e-03,9.997540375217651709e-01,1.000189090505338108e+00,9.779664502692422268e-01,1.000352422809845793e-01
2.710843373493975861e+00,1.761765970915306042e-03,9.981868875831960697e-01,4.636206547197255744e-05,2.298460908476634252e-04,3.816507610263515762e-05,3.831560961254190101e-01,1.462521762264060513e-03,9.997437004071663136e-01,1.000206600405102675e+00,9.767709980737683262e-01,1.000365979210772888e-01
2.811244979919678588e+00,1.844495418989806857e-03,9.980501632225975417e-01,4.851441494044969279e-05,2.400046824102230981e-04,4.035280403070722987e-05,4.053640874740384592e-01,1.583700863429748440e-03,9.997331664708678511e-01,1.000224971880439462e+00,9.755255004138556618e-01,1.000379535816175725e-01
2.911646586345381316e+00,1.931652871429362763e-03,9.979074982474612776e-01,5.078041448377240274e-05,2.506822931862722533e-04,4.261240193370195630e-05,4.282992454971350504e-01,1.710033273436085098e-03,9.997223466682794157e-01,1.000244259983410711e+00,9.742229792245805653e-01,1.000393092657698435e-01
3.012048192771084487e+00,2.023585651890071491e-03,9.977587091317471346e-01,5.316879957954990583e-05,2.619169461952392431e-04,4.495060108055907994e-05,4.520288280878517195e-01,1.841641452498033816e-03,9.997111914198917315e-01,1.000264495366683493e+00,9.728595491600720013e-01,1.000406649752960536e-01
3.112449799196787215e+00,2.120090241930618589e-03,9.976038967391609447e-01,5.567442348884508877e-05,2.736860514334101381e-04,4.736339604544057013e-05,4.765129885508736507e-01,1.978461058251806525e-03,9.996997309535935461e-01,1.000285660429174106e+00,9.714375372284254073e-01,1.000420207091181624e-01
3.212851405622489942e+00,2.222354143648959651e-03,9.974423424277391037e-01,5.832676937592967529e-05,2.861153768780389569e-04,4.987296587306714116e-05,5.019757260851516190e-01,2.121012041606524460e-03,9.996878118192722429e-01,1.000307864891826215e+00,9.699443469189950040e-01,1.000433764726376407e-01
3.313253012048192669e+00,2.329842164580313291e-03,9.972743700805002387e-01,6.111254954440017300e-05,2.991482404619082549e-04,5.246931474311056394e-05,5.283160870303915679e-01,2.269060067137351928e-03,9.996755031749900988e-01,1.000331059304771397e+00,9.683856553228710196e-01,1.000447322634201025e-01
3.413654618473895397e+00,2.442933159734857283e-03,9.970997102791638866e-01,6.404127256916314142e-05,3.128249723083115132e-04,5.515944187189676385e-05,5.556052254731428386e-01,2.422811873482684595e-03,9.996627595603154726e-01,1.000355281824312659e+00,9.667575110397026439e-01,1.000460880830458393e-01
3.514056224899598568e+00,2.563219200241717566e-03,9.969172308410902961e-01,6.715289655340083894e-05,3.273150526226170989e-04,5.797276022728867966e-05,5.841421538690175774e-01,2.583136243181020659e-03,9.996493899358301904e-01,1.000380692795557636e+00,9.650433090088484933e-01,1.000474439381555808e-01
3.614457831325301296e+00,2.689339491333197878e-03,9.967278973802280451e-01,7.041321413876838145e-05,3.424730995471158158e-04,6.088398178381646930e-05,6.136698933053289506e-01,2.749293579083790344e-03,9.996355589230166983e-01,1.000407155051247443e+00,9.632573220745557219e-01,1.000487998230213949e-01
3.714859437751004023e+00,2.822669482439037810e-03,9.965307000228571521e-01,7.385593208733747873e-05,3.584376465180508708e-04,6.391628271689858709e-05,6.444255550246319464e-01,2.922079501861212479e-03,9.996211216436087232e-01,1.000434805379224468e+00,9.613864134685773388e-01,1.000501557425962640e-01
3.815261044176706751e+00,2.963289146880765390e-03,9.963255899015879269e-01,7.748326301156680689e-05,3.752191959890771675e-04,6.707170412549199809e-05,6.764295100282475826e-01,3.101526291377641482e-03,9.996060634148813406e-01,1.000463652272883808e+00,9.594294441772692750e-01,1.000515116974115548e-01
3.915662650602409478e+00,3.111722206182024070e-03,9.961121889690253139e-01,8.130820742820699077e-05,3.928721057331244063e-04,7.035952664938498571e-05,7.097763708197247778e-01,3.287927699791715844e-03,9.995903249573492300e-01,1.000493748171186192e+00,9.573811655148738442e-01,1.000528676895132002e-01
4.016064257028112650e+00,3.268689871943276232e-03,9.958899351240990683e-01,8.534832023225363427e-05,4.114658204600896434e-04,7.379031114940994473e-05,7.445747568345780776e-01,3.481738930568244704e-03,9.995738434619618751e-01,1.000525164856447713e+00,9.552354527643823756e-01,1.000542237209343932e-01
4.116465863453814933e+00,3.434890232830172582e-03,9.956582878154854876e-01,8.962062307372640167e-05,4.310680184404332626e-04,7.737446859295532661e-05,7.809316475202271457e-01,3.683396283801859423e-03,9.995565565329241897e-01,1.000557971846186334e+00,9.529862837780581630e-01,1.000555797937098534e-01
4.216867469879518104e+00,3.610815887726011048e-03,9.954168980009759915e-01,9.413739874077711484e-05,4.517306798830033709e-04,8.112107786861380381e-05,8.189394480151072075e-01,3.893168068393410963e-03,9.995384054469785839e-01,1.000592218531025868e+00,9.506285479247038595e-01,1.000569359098875122e-01
4.317269076305221276e+00,3.797078370913677548e-03,9.951653058356488835e-01,9.891372566827300972e-05,4.735152673505883185e-04,8.504004707571592367e-05,8.586995281448378536e-01,4.111419160193480714e-03,9.995193287817044636e-01,1.000627966061893304e+00,9.481565730984801155e-01,1.000582920715225310e-01
4.417670682730923559e+00,3.994835755269122816e-03,9.949025431908432582e-01,1.039786721879531258e-04,4.965353946703485828e-04,8.914635422802447964e-05,9.003659021239647231e-01,4.338943805783376274e-03,9.994992403033590156e-01,1.000665332034031296e+00,9.455613737154000553e-01,1.000596482810258148e-01
4.518072289156626731e+00,4.204535251766579503e-03,9.946283030431709582e-01,1.093431105063033266e-04,5.208368445090492786e-04,9.344838309497887989e-05,9.440241116183402115e-01,4.575977785612174442e-03,9.994780860493399643e-01,1.000704360627712841e+00,9.428382739061196283e-01,1.000610045403456105e-01
4.618473895582329014e+00,4.426864891237519521e-03,9.943420544055219246e-01,1.150240771611304736e-04,5.464883788073799167e-04,9.795675138902856121e-05,9.897828948519110659e-01,4.822946072620357474e-03,9.994558011244977225e-01,1.000745120894122486e+00,9.399811377921661881e-01,1.000623608515868734e-01
4.718875502008032186e+00,4.663122956152201265e-03,9.940429022791531510e-01,1.210521124079766772e-04,5.736060411599388977e-04,1.026874946669722072e-04,1.037807732026100327e+00,5.080564087617061263e-03,9.994322879027589535e-01,1.000787724991793803e+00,9.369806071441438844e-01,1.000637172175616735e-01
4.819277108433734469e+00,4.914645989230510478e-03,9.937299288433011357e-01,1.274586031295433500e-04,6.023088395251472837e-04,1.076569881620041686e-04,1.088267660829249639e+00,5.349565461289530581e-03,9.994074467059569367e-01,1.000832287781911800e+00,9.338271217046025807e-01,1.000650736411263647e-01
4.919678714859437640e+00,5.181996051815617246e-03,9.934026782509388642e-01,1.342577983964597969e-04,6.326557758604849958e-04,1.128747312232023534e-04,1.141259706681254649e+00,5.630315211689046820e-03,9.993812193953315326e-01,1.000878869417346495e+00,9.305152107598503308e-01,1.000664301242400051e-01
5.020080321285140812e+00,5.466106518813247661e-03,9.930604750887956911e-01,1.414721729185532183e-04,6.647345766793276043e-04,1.183535168399255902e-04,1.196915387835498557e+00,5.923353209675433391e-03,9.993535278651699549e-01,1.000927556063537338e+00,9.270374492636532793e-01,1.000677866692926549e-01
5.120481927710843095e+00,5.770040184095906639e-03,9.927015678836363932e-01,1.491722485393085060e-04,6.987934620969517025e-04,1.241247499090415544e-04,1.255560945480111545e+00,6.230043459017130941e-03,9.993241745912802010e-01,1.000978562415668183e+00,9.233758088511190287e-01,1.000691432812292614e-01
5.220883534136546267e+00,6.094164598247167088e-03,9.923255671503751207e-01,1.573677329944359537e-04,7.348775126350693679e-04,1.301962779065487781e-04,1.317276156537025456e+00,6.550706843868364833e-03,9.992931131995539396e-01,1.001031940486549088e+00,9.195256819655196479e-01,1.000704999617610530e-01
5.321285140562248550e+00,6.439750991858951903e-03,9.919316267470195125e-01,1.660887241987614514e-04,7.730999188781699158e-04,1.365838468051694865e-04,1.382223434190007705e+00,6.886013992818508685e-03,9.992602466372260128e-01,1.001087796834272847e+00,9.154779612277611500e-01,1.000718567136834880e-01
5.421686746987951722e+00,6.809381428030060815e-03,9.915182979466243829e-01,1.753957097497902003e-04,8.136734001309146218e-04,1.433143143228472001e-04,1.450681352966638027e+00,7.237081879745642030e-03,9.992254038292480711e-01,1.001146308578083177e+00,9.112173917099595233e-01,1.000732135412348844e-01
5.522088353413654893e+00,7.205990229441938330e-03,9.910839700897916549e-01,1.853573438543240908e-04,8.568374220177611732e-04,1.504175242331147293e-04,1.522959703393698350e+00,7.605147424748491189e-03,9.991883938085889261e-01,1.001207671799097643e+00,9.067270664554941684e-01,1.000745704490412780e-01
5.622489959839357176e+00,7.630505240113424903e-03,9.906279548880917440e-01,1.959957635252907587e-04,9.026791025121183500e-04,1.579063116683754363e-04,1.599190468950499877e+00,7.990764331501696779e-03,9.991491389134107282e-01,1.001271974571163126e+00,9.019994885013238317e-01,1.000759274395201515e-01
5.722891566265060348e+00,8.084722314906183510e-03,9.901491650316572857e-01,2.073532293031754245e-04,9.513514658018262750e-04,1.658008697684700472e-04,1.679582553169386872e+00,8.394781865888044023e-03,9.991075124655877104e-01,1.001339351692511315e+00,8.970230900828527476e-01,1.000772845160444458e-01
5.823293172690762631e+00,8.575244409878522711e-03,9.896445992407904013e-01,2.195803728115622018e-04,1.003352394228414343e-03,1.741579552001949890e-04,1.764728639633678098e+00,8.819420849002857291e-03,9.990631358851759236e-01,1.001410154740744129e+00,8.917666560633032979e-01,1.000786416863073125e-01
5.923694779116465803e+00,9.102817413578653122e-03,9.891135882546234770e-01,2.326957841954211314e-04,1.058759588114157896e-03,1.829897749033851850e-04,1.854753806695257801e+00,9.265230971847652000e-03,9.990159375144063159e-01,1.001484471165176471e+00,8.862229100541284543e-01,1.000799989527380585e-01
6.024096385542168974e+00,9.669980809995534082e-03,9.885547486838724973e-01,2.467584883383730737e-04,1.117779419092139849e-03,1.923221781716688583e-04,1.949926326310952751e+00,9.733273671500288285e-03,9.989657517074835846e-01,1.001562469298481917e+00,8.803772449625325569e-01,1.000813563193779093e-01
6.124497991967871258e+00,1.028154275914773021e-02,9.879659347309815987e-01,2.618769124376309557e-04,1.180767206309001234e-03,2.021959245667799456e-04,2.050671847218377142e+00,1.022513687340774989e-02,9.989123070062106979e-01,1.001644400343329355e+00,8.742072934185485256e-01,1.000827137918487431e-01
6.224899598393574429e+00,1.094424271865793163e-02,9.873443556870207249e-01,2.782014883685420600e-04,1.248204662645752009e-03,2.126643980238330991e-04,2.157549297080607609e+00,1.074285316514150476e-02,9.988552422575935896e-01,1.001730585480475666e+00,8.676841260201689776e-01,1.000840713771045526e-01
6.325301204819276712e+00,1.166074228139774016e-02,9.866885825500041340e-01,2.957939566540800959e-04,1.320306625203592280e-03,2.237543265720363397e-04,2.270836189949973605e+00,1.128751624634622905e-02,9.987943856959444755e-01,1.001821198134485558e+00,8.607926688577227647e-01,1.000854290792865531e-01
6.425702811244979884e+00,1.244004387635485979e-02,9.859954025148752743e-01,3.148484803754208702e-04,1.397659340823342086e-03,2.355276840315668454e-04,2.391185724169461846e+00,1.186140876262260606e-02,9.987293111449814242e-01,1.001916598750377085e+00,8.535000858512602484e-01,1.000867869059832438e-01
6.526104417670683056e+00,1.328894042559050637e-02,9.852621891763891915e-01,3.355136577649645772e-04,1.480724230623526455e-03,2.480348167122673722e-04,2.519126716044942871e+00,1.246642763978082942e-02,9.986596768531470492e-01,1.002017087111117144e+00,8.457793313870012319e-01,1.000881448636795901e-01
6.626506024096385339e+00,1.421238266367899974e-02,9.844868050024560002e-01,3.579001197786678043e-04,1.569858723019223199e-03,2.613163790243839169e-04,2.655084292842253557e+00,1.310414812841625282e-02,9.985852114162887538e-01,1.002122912403670574e+00,8.376081870746883151e-01,1.000895029579396273e-01
6.726907630522088510e+00,1.522663021111900043e-02,9.836640867367552055e-01,3.823652896159559079e-04,1.666107930633519037e-03,2.754740946023328564e-04,2.800129263346538444e+00,1.377807209043380166e-02,9.985051860557726533e-01,1.002234623078297915e+00,8.289344334768542488e-01,1.000908611994550806e-01
6.827309236947790794e+00,1.633696035336916486e-02,9.827918119449494672e-01,4.090255493561050751e-04,1.769844197901103292e-03,2.905502236510348001e-04,2.954704481832751473e+00,1.448983523044949408e-02,9.984193187191671148e-01,1.002352478099916011e+00,8.197350227480154627e-01,1.000922195939907416e-01
6.927710843373493965e+00,1.755711347843011069e-02,9.818668369654447448e-01,4.380859525448707842e-04,1.881648704249143465e-03,3.066056803649525237e-04,3.119463041949808613e+00,1.524164719897166086e-02,9.983271898176264703e-01,1.002476827325262665e+00,8.099790638723438629e-01,1.000935781488731108e-01
7.028112449799197137e+00,1.891933446325897578e-02,9.808845860507534598e-01,4.700475335732093459e-04,2.002435945939698425e-03,3.237289048063948078e-04,3.295395342504537251e+00,1.603645253052808292e-02,9.982281988464041245e-01,1.002608145008385465e+00,7.996272968614431820e-01,1.000949368735890577e-01
7.128514056224899420e+00,2.041030475091662813e-02,9.798387301137903016e-01,5.053123588962054550e-04,2.133646518757539422e-03,3.420435434365331779e-04,3.483714677319063924e+00,1.687840841614733980e-02,9.981214321807496681e-01,1.002747070079722747e+00,7.886090208138110125e-01,1.000962957801604658e-01
7.228915662650602592e+00,2.206633136946808960e-02,9.787234855734397998e-01,5.442245606486710964e-04,2.276574039010663582e-03,3.616653315140055925e-04,3.685671907364113320e+00,1.777134562516381050e-02,9.980060205247756056e-01,1.002894200357850263e+00,7.768687837750217762e-01,1.000976548797958138e-01
7.329317269076304875e+00,2.391428029344470560e-02,9.775330229322533038e-01,5.872980358024782648e-04,2.432509459714439059e-03,3.827107556952616570e-04,3.902513066366958050e+00,1.871897448490220106e-02,9.978810970459287555e-01,1.003050115279114252e+00,7.643502727991972057e-01,1.000990141831294283e-01
7.429718875502008046e+00,2.598493077270308885e-02,9.762608479768426495e-01,6.351566445026874405e-04,2.602968672762880336e-03,4.053098596804032179e-04,4.135627113321464599e+00,1.972529521296724486e-02,9.977456895375288459e-01,1.003215438524015513e+00,7.509920826033493757e-01,1.001003737012488015e-01
7.530120481927711218e+00,2.831343903494397060e-02,9.748996031236467630e-01,6.885122539303578171e-04,2.789681846842451216e-03,4.296100192521627183e-04,4.386588145596875599e+00,2.079482028248624825e-02,9.975986934512330873e-01,1.003390873231390978e+00,7.367247955953943883e-01,1.001017334465947456e-01
7.630522088353413501e+00,3.094924928355682892e-02,9.734393777118167668e-01,7.483853667322843631e-04,2.995105293378761465e-03,4.558101614046312661e-04,4.657519217647437593e+00,2.193342989487564315e-02,9.974386026151534912e-01,1.003577333013299544e+00,7.214567518686871850e-01,1.001030934347528628e-01
7.730923694779116673e+00,3.395140890728921834e-02,9.718693362511202638e-01,8.159469672677525584e-04,3.222008649594333782e-03,4.841279816072633496e-04,4.950749015962923494e+00,2.314740313597839910e-02,9.972637533759118877e-01,1.003775791764695002e+00,7.050897675943349485e-01,1.001044536819403613e-01
7.831325301204818956e+00,3.738749836696235451e-02,9.701777412591909844e-01,8.925226901862294343e-04,3.473479658007965192e-03,5.147994568182707401e-04,5.268804031534624954e+00,2.444338864122562460e-02,9.970723305342407139e-01,1.003987279075215344e+00,6.875193932314666023e-01,1.001058142048855126e-01
7.931726907630522128e+00,4.136062678549495136e-02,9.683495317743773256e-01,9.800267988006566410e-04,3.753724779784947934e-03,5.481272502905729137e-04,5.614939389713863527e+00,2.582943461520268574e-02,9.968619710692002700e-01,1.004213037744969617e+00,6.686189835156154393e-01,1.001071750226382173e-01
8.032128514056225299e+00,4.597839218479136958e-02,9.663687539822261030e-01,1.080534546498589403e-03,4.067269905764966595e-03,5.844315404716535992e-04,5.992594909905330169e+00,2.731394195198670258e-02,9.966301640998808109e-01,1.004454363440383746e+00,6.482549538564864600e-01,1.001085361548369190e-01
8.132530120481927582e+00,5.137963364823341927e-02,9.642162440333064133e-01,1.196698693554940855e-03,4.419745652244485082e-03,6.240965917671287711e-04,6.405905678336625719e+00,2.890662860967972703e-02,9.963738689591928877e-01,1.004712751699040618e+00,6.262718890815353046e-01,1.001098976232507320e-01
8.232931726907629866e+00,5.779311250104745418e-02,9.618680590189514490e-01,1.332311789462098427e-03,4.818472548503261767e-03,6.675988779519672440e-04,6.860040035735559982e+00,3.061886168438914327e-02,9.960893144384113107e-01,1.004989956092314785e+00,6.024972000343892242e-01,1.001112594522526184e-01
8.333333333333333925e+00,6.548980457497174945e-02,9.592952442815407821e-01,1.492236760705322168e-03,5.272640985271486239e-03,7.155108762332716352e-04,7.361178315473000389e+00,3.246375343600400865e-02,9.957719361306645034e-01,1.005287992539223074e+00,5.767272045885103449e-01,1.001126216687014125e-01
8.433734939759036209e+00,7.483265587390641738e-02,9.564620639388793366e-01,1.682926992329489366e-03,5.794017141146489726e-03,7.685334137778256514e-04,7.916893291720573878e+00,3.445659283661183653e-02,9.954161224456911095e-01,1.005609209649239721e+00,5.487269665954251918e-01,1.001139843024669435e-01
8.534136546184738492e+00,8.632480598619664269e-02,9.533247470211130281e-01,1.912866184184934711e-03,6.397475966067776680e-03,8.275174157101063653e-04,8.536396633500249465e+00,3.661504840013727474e-02,9.950150461207433183e-01,1.005956322050004736e+00,5.182347727878500177e-01,1.001153473865216970e-01
8.634538152610442552e+00,1.007399540869739485e-01,9.498261271214850643e-01,2.194263500989044637e-03,7.103121311886286329e-03,8.935590146063928513e-04,9.231565903868460765e+00,3.896038874689167902e-02,9.945599316363298303e-01,1.006332602168748203e+00,4.849597116062655533e-01,1.001167109582699749e-01
8.734939759036144835e+00,1.191418941494461897e-01,9.458913395763344223e-01,2.544555259645312623e-03,7.938169218432784141e-03,9.680686971748301162e-04,1.001765230593158051e+01,4.151815773191666614e-02,9.940395439235713004e-01,1.006741986348569595e+00,4.485659376711152446e-01,1.001180750599924840e-01
8.835341365461847118e+00,1.430967152284094990e-01,9.414228453274252617e-01,2.988126188704263823e-03,8.939124483997329743e-03,1.052855075699901319e-03,1.091421035781314508e+01,4.431895108592756594e-02,9.934395540941675096e-01,1.007189201773299736e+00,4.086972546697694164e-01,1.001194397393534996e-01
8.935742971887549402e+00,1.751660087165799740e-01,9.362847161672062102e-01,3.562299026623717661e-03,1.015815627908781514e-02,1.150384979836606338e-03,1.194787343596573415e+01,4.740090338482187693e-02,9.927407145598338145e-01,1.007680178411873628e+00,3.650200711239668938e-01,1.001208050516038672e-01
9.036144578313253461e+00,2.195379897037572636e-01,9.302826879381713709e-01,4.325644409839096705e-03,1.167129644434343125e-02,1.264098520113196827e-03,1.315561597426183482e+01,5.081212103644090761e-02,9.919168203323484034e-01,1.008222466953108132e+00,3.172982120210487422e-01,1.001221710612978794e-01
9.136546184738955745e+00,2.831164732839092646e-01,9.231393330774639860e-01,5.369842873111763115e-03,1.358831588101232397e-02,1.398787066354521564e-03,1.458861944450329240e+01,5.461268645819030570e-02,9.909326505535683838e-01,1.008825635924547548e+00,2.655873835867756938e-01,1.001235378434268269e-01
9.236947791164658028e+00,3.773835765273013676e-01,9.144159783692601406e-01,6.850216148272542799e-03,1.608682728292821704e-02,1.561819309317808661e-03,1.632521624152137818e+01,5.888405823697649005e-02,9.897359262619339626e-01,1.009502885545610074e+00,2.103850190762796557e-01,1.001249054898303292e-01
9.337349397590362088e+00,5.219250111557433014e-01,9.034481889764530704e-01,9.014292513644753604e-03,1.944002154668456744e-02,1.764179021052381460e-03,1.848239264575411411e+01,6.373402278382754582e-02,9.882513665737130415e-01,1.010272113473777544e+00,1.532769534972789893e-01,1.001262741117507349e-01
9.437751004016064371e+00,7.516625939977142901e-01,8.891598064899736142e-01,1.228284040910493022e-02,2.409554692100777940e-02,2.023539383859939908e-03,2.124930761575262395e+01,6.931334556422373561e-02,9.863632645049288383e-01,1.011159332642493469e+00,9.807832399135116286e-02,1.001276438508460903e-01
9.538152610441766655e+00,1.121085625776889083e+00,8.698590177818731339e-01,1.732270319571236131e-02,3.077498399858644151e-02,2.368074056107318404e-03,2.493353895378059804e+01,7.583481778723939748e-02,9.838932484382345578e-01,1.012203035618969293e+00,5.107082331116563623e-02,1.001290148911887085e-01
9.638554216867468938e+00,1.704386408062479763e+00,8.430524183907377456e-01,2.505737275131506014e-02,4.060235460280307157e-02,2.841621418552213191e-03,3.004107777719433869e+01,8.359929837308743839e-02,9.805650050987583244e-01,1.013461365373610201e+00,1.958441912515224495e-02,1.001303874801008353e-01
9.738955823293172998e+00,2.579542029014056492e+00,8.054384593196904918e-01,3.647317774766841575e-02,5.522201063419043127e-02,3.510214825794275191e-03,3.740746550005063398e+01,9.304224576118715062e-02,9.759445012938525732e-01,1.015025158734892186e+00,5.160558139710605917e-03,1.001317619701597161e-01
9.839357429718875281e+00,3.827538333023690065e+00,7.536170703658902070e-01,5.213548886484186545e-02,7.656997671875065414e-02,4.462190808635672738e-03,4.829610525545226096e+01,1.047211707460898727e-01,9.694267542535647264e-01,1.017025978379195061e+00,1.297596646378818995e-03,1.001331388521145560e-01
9.939759036144577564e+00,5.571699446644393205e+00,6.845262537950089765e-01,7.198679355315054651e-02,1.066313092578430044e-01,5.820456818532033713e-03,6.466779776128380774e+01,1.192935477918517923e-01,9.602165336759065362e-01,1.019657950617980369e+00,6.088504365315350678e-04,1.001345188448575646e-01
1.004016064257028162e+01,7.991376418150865746e+00,5.963642162969275962e-01,9.508526360290472934e-02,1.469571672668696927e-01,7.753936303703589522e-03,8.954915467729871636e+01,1.373467332750946124e-01,9.474156898556791440e-01,1.023198474678893133e+00,4.015607996240415931e-04,1.001359029808653184e-01
1.014056224899598391e+01,1.129462333824440101e+01,4.902834468268228441e-01,1.189161573150413209e-01,1.980059533548895745e-01,1.048942248316876019e-02,1.276791288366027857e+02,1.590691379674637196e-01,9.301748110657186430e-01,1.028043830841928852e+00,2.791644408602416902e-04,1.001372927535303520e-01
1.024096385542168619e+01,1.567289857798523300e+01,3.725965891583490897e-01,1.388264052417879091e-01,2.580926804454020673e-01,1.431149836901800601e-02,1.861804255443839793e+02,1.837450785249377938e-01,9.079609361930477407e-01,1.034750218262985966e+00,1.993285856586147304e-04,1.001386903145826124e-01
1.034136546184739025e+01,2.123417765959140269e+01,2.555091118756347424e-01,1.488001333370007895e-01,3.226363512679485401e-01,1.952992192856221193e-02,2.746246798077052063e+02,2.092035479111496454e-01,8.808947476407166244e-01,1.044039449099116945e+00,1.468874247795871066e-04,1.001400985765719953e-01
1.044176706827309253e+01,2.793967150493513074e+01,1.550741697356444460e-01,1.439507535649550696e-01,3.839321049645501582e-01,2.646672116637552655e-02,4.046866032796677359e+02,2.318285396496444495e-01,8.500219511466756694e-01,1.056888976766340971e+00,1.125375280432556292e-04,1.001415217298236154e-01
1.054216867469879482e+01,3.553362315955224204e+01,8.346684988764131730e-02,1.247833876689799226e-01,4.335194131074006640e-01,3.536468860015910820e-02,5.865122316414050374e+02,2.479881786348333839e-01,8.173809756888942291e-01,1.074497431206023590e+00,8.961011345614971221e-05,1.001429653797565877e-01
1.064257028112449710e+01,4.357834433303284527e+01,4.241538986131240113e-02,9.799199671086786245e-02,4.656800395658285407e-01,4.632564795996461926e-02,8.250617853585266630e+02,2.562785053020116832e-01,7.855821236360247539e-01,1.098285089116335156e+00,7.438031192303887391e-05,1.001444369049524080e-01
1.074297188755020116e+01,5.157081839734203754e+01,2.354678239872180084e-02,7.234583530372763749e-02,4.798771946688872303e-01,5.926822702207410615e-02,1.118973149021001063e+03,2.584817031989128377e-01,7.571527950327252565e-01,1.129864401605578550e+00,6.453773899707060478e-05,1.001459457540724157e-01
1.084337349397590344e+01,5.909179762061887686e+01,1.612742942608676525e-02,5.302590317435844358e-02,4.798747614532504202e-01,7.394493458495152161e-02,1.463610419030233061e+03,2.578244322316034509e-01,7.339684903738601385e-01,1.171008337423629087e+00,5.840773520351268507e-05,1.001475036662450024e-01
1.094377510040160573e+01,6.588058828789337440e+01,1.306295461047786780e-02,4.049387430925527331e-02,4.707538008969517906e-01,9.000184282534107183e-02,1.853957225352811747e+03,2.568082822811145749e-01,7.171000352986021120e-01,1.223653459055856541e+00,5.467196348338100131e-05,1.001491248877245388e-01
1.104417670682730979e+01,7.182338654357884877e+01,1.146213778234778449e-02,3.291559976184936509e-02,4.566238814560840131e-01,1.070460971821634855e-01,2.284908556254849827e+03,2.565430286127667325e-01,7.069965557322009930e-01,1.289945901864731681e+00,5.275447264694343758e-05,1.001508264525381581e-01
1.114457831325301207e+01,7.690068855826706340e+01,1.040027507187792598e-02,2.841035945619824199e-02,4.401437346755170954e-01,1.246937780629127079e-01,2.750267028158025369e+03,2.573853813603989016e-01,7.037737318261648722e-01,1.372320638289140415e+00,5.241177371893306265e-05,1.001526284793672339e-01
1.124497991967871435e+01,8.114599681092575167e+01,9.615843427833529675e-03,2.567618773947669478e-02,4.228508552388474673e-01,1.425950886922404681e-01,3.242623458062517329e+03,2.594142815742419006e-01,7.074145089821914922e-01,1.473607895615067331e+00,5.341169602240875599e-05,1.001545546309490914e-01
1.134538152610441841e+01,8.461838311119143441e+01,9.015343927041601785e-03,2.394391228053201898e-02,4.055809084217550931e-01,1.604462437560235377e-01,3.753852344179133070e+03,2.626315417887825077e-01,7.178939971196769410e-01,1.597165489499544178e+00,5.538067595299624868e-05,1.001566327705825793e-01
1.144578313253012070e+01,8.738733607190822283e+01,8.554382869759055708e-03,2.278486648002894105e-02,3.887671563957755816e-01,1.779920364303453073e-01,4.275720440675397185e+03,2.670145145551320320e-01,7.352442916251380467e-01,1.747022532184595356e+00,5.867790165194590327e-05,1.001588957407965885e-01
1.154618473895582298e+01,8.952424289817436431e+01,8.200880952382375022e-03,2.196753356668692050e-02,3.726222093559186654e-01,1.950252994549557251e-01,4.800389151786343973e+03,2.725357310661806198e-01,7.595910267453385156e-01,1.928078390926737162e+00,6.314363778233141153e-05,1.001613825797501578e-01
1.164658634538152526e+01,9.109829172007964360e+01,7.931939540418533538e-03,2.136079684009038748e-02,3.572463574145743337e-01,2.113805507546305806e-01,5.320707568281648491e+03,2.791645532231928906e-01,7.911648513198202837e-01,2.146253614041182090e+00,6.907656909524183860e-05,1.001641394505471960e-01
1.174698795180722932e+01,9.217445798942513591e+01,7.731736996101018847e-03,2.089103379672958838e-02,3.426755300778482338e-01,2.269308089179964960e-01,5.830417715274293187e+03,2.868673534943490533e-01,8.303129359383014663e-01,2.408775410722545640e+00,7.660834476878179732e-05,1.001672215617925715e-01
1.184738955823293161e+01,9.281260657024260752e+01,7.587802095646656655e-03,2.051659364566832747e-02,3.289099898753711226e-01,2.415827447979916609e-01,6.324234958280032515e+03,2.956088334256056771e-01,8.775072628607221148e-01,2.724523930064314037e+00,8.603594448161303477e-05,1.001706954722403758e-01
1.194779116465863389e+01,9.306755298081183980e+01,7.490048098140891265e-03,2.021236612150744891e-02,3.159311318123763646e-01,2.552702881471433649e-01,6.797790098481939822e+03,3.053514551509582953e-01,9.333417996354070878e-01,3.104257248715302620e+00,9.773995136217048711e-05,1.001746406945918516e-01
1.204819277108433795e+01,9.298918272560982246e+01,7.430786864793506759e-03,1.996107198349492476e-02,3.037108995543140733e-01,2.679495501824863402e-01,7.247570516472235795e+03,3.160536801649456717e-01,9.985304742633703823e-01,3.560942844170895238e+00,1.121910953901026335e-04,1.001791522196373713e-01
1.214859437751004023e+01,9.262225288064584561e+01,7.403292595086180539e-03,1.975072547506968867e-02,2.922143970748463659e-01,2.795970646828312978e-01,7.670916850594077914e+03,3.276700693299086087e-01,1.073924392616879553e+00,4.110418103582799354e+00,1.299899641008550903e-04,1.001843449359730437e-01
1.224899598393574252e+01,9.200704207665057766e+01,7.402068591501413317e-03,1.957188150142608052e-02,2.814031046517855850e-01,2.902046343663561845e-01,8.065871423660698383e+03,3.401499701176272650e-01,1.160505856090142007e+00,4.771719612937024735e+00,1.518811090647093087e-04,1.001903561149100341e-01
1.234939759036144658e+01,9.117914531062530159e+01,7.422671970487773087e-03,1.941677255869020749e-02,2.712359818044410287e-01,2.997777887936048935e-01,8.431163194372340513e+03,3.534361484235392092e-01,1.259404404011952749e+00,5.568009188493154404e+00,1.788077151419823190e-04,1.001973522118688176e-01
1.244979919678714886e+01,9.017103009672140956e+01,7.460078061753416812e-03,1.927771268435260477e-02,2.616711124304975655e-01,3.083293395839823425e-01,8.765910882605385268e+03,3.674679516814395863e-01,1.371877038198024756e+00,6.526595111428033391e+00,2.118960912416882419e-04,1.002055288586784221e-01
1.255020080321285114e+01,8.900904387067667756e+01,7.510417194596444128e-03,1.914878218247917374e-02,2.526638174938180548e-01,3.158880744294901288e-01,9.070053447338628757e+03,3.821758584749936905e-01,1.499405998156545738e+00,7.681942030566785817e+00,2.526070473005910858e-04,1.002151324934252713e-01
1.265060240963855342e+01,8.771683884824886945e+01,7.575716477569222583e-03,1.902580802728130391e-02,2.441695822868069077e-01,3.224848037266279666e-01,9.343752814971499902e+03,3.974773486059822170e-01,1.643613677388016558e+00,9.075215432455058462e+00,3.027703504294461520e-04,1.002264592873392673e-01
1.275100401606425748e+01,8.631429303615661297e+01,7.648550757978285659e-03,1.890369347309152348e-02,2.361436485402140517e-01,3.281567359646516135e-01,9.587529591455340778e+03,4.132955318471275286e-01,1.806295144485827064e+00,1.075583126210752560e+01,3.645817140051459126e-04,1.002398670226632288e-01
1.285140562248995977e+01,8.481846242687053916e+01,7.722535629789587658e-03,1.877722277480485188e-02,2.285418147368736275e-01,3.329429334100360016e-01,9.802091579507632559e+03,4.295482924192214336e-01,1.989413241532366650e+00,1.278208485594800159e+01,4.407296735283407403e-04,1.002557801905416546e-01
1.295180722891566205e+01,8.324383653820892448e+01,7.803169137207157519e-03,1.864115178925014951e-02,2.213203909598413788e-01,3.368827751443281837e-01,9.988252246524303700e+03,4.461404667503530153e-01,2.195137472473045914e+00,1.522416287299601656e+01,5.347081114246938572e-04,1.002747135138645079e-01
1.305220883534136611e+01,8.160179271422572356e+01,7.886917219575489968e-03,1.849275875200288508e-02,2.144358698600233870e-01,3.400182404786452617e-01,1.014700049505099196e+04,4.629838719263771329e-01,2.425837821776944736e+00,1.816622209382600417e+01,6.506735449667049509e-04,1.002972912190119720e-01
1.315261044176706839e+01,7.990095332333953593e+01,7.973132724296510751e-03,1.833001465690643414e-02,2.078457292974857928e-01,3.423923580403931965e-01,1.027945264767353547e+04,4.799864791824680621e-01,2.684084928079073951e+00,2.170621464974207271e+01,7.936746738108783677e-04,1.003242456951954908e-01
1.325301204819277068e+01,7.814715297970998620e+01,8.060475398687146770e-03,1.815285232420495859e-02,2.015092309310149710e-01,3.440487928968041231e-01,1.038681276289698872e+04,4.970587419314211330e-01,2.972672346435109691e+00,2.596150274950311143e+01,9.700777262282205340e-04,1.003564665238804859e-01
1.335341365461847296e+01,7.634369159390260506e+01,8.148643635762030379e-03,1.795973281110278472e-02,1.953878369007377713e-01,3.450307815857761584e-01,1.047032825670915008e+04,5.141162934576650745e-01,3.294612108674720652e+00,3.107088224779165486e+01,1.187828042704777579e-03,1.003950224441867572e-01
1.345381526104417702e+01,7.449129392623207480e+01,8.237616687744100941e-03,1.774982143098421603e-02,1.894447586339638445e-01,3.453811163196631173e-01,1.053128838433415149e+04,5.310795280477799141e-01,3.653137043558259744e+00,3.719597267597465873e+01,1.456597082976254570e-03,1.004411762982063555e-01
1.355421686746987930e+01,7.258826098352199097e+01,8.328153024860980927e-03,1.752183608411744808e-02,1.836454935917787856e-01,3.451412614376198618e-01,1.057098075984663228e+04,5.478764225990169212e-01,4.051706558687394377e+00,4.452472853634409233e+01,1.788143865879674018e-03,1.004964187714452312e-01
1.365461847389558159e+01,7.063041842127383063e+01,8.420485914773389105e-03,1.727541013589094926e-02,1.779572822367083140e-01,3.443505320510878431e-01,1.059066082138328238e+04,5.644452846483477559e-01,4.494003951192612867e+00,5.327916839599993182e+01,2.197462613214647316e-03,1.005625541514856558e-01
1.375502008032128565e+01,6.861108657554893853e+01,8.515470426090509040e-03,1.701014619829557817e-02,1.723495163908618510e-01,3.430470387003327626e-01,1.059159120452925890e+04,5.807313383096790460e-01,4.983935039957865243e+00,6.370842266413362154e+01,2.701961047082750578e-03,1.006416265872080579e-01
1.385542168674698793e+01,6.652105626378448733e+01,8.615376692463663777e-03,1.672589781217048363e-02,1.667945515603285744e-01,3.412650452358738096e-01,1.057493229752847765e+04,5.966916803980872874e-01,5.525620291005801654e+00,7.610934673727925315e+01,3.325624564281600293e-03,1.007361561213706569e-01
1.395582329317269021e+01,6.434855128083921727e+01,8.721564095125826713e-03,1.642192545048193689e-02,1.612664985650083538e-01,3.390370633835200764e-01,1.054182886803928704e+04,6.122935663455247868e-01,6.123392120526327531e+00,9.081065053790472064e+01,4.096118434366300895e-03,1.008489652843707340e-01
1.405622489959839427e+01,6.207901922167663855e+01,8.833571667832921040e-03,1.609543489459917126e-02,1.557416793052628368e-01,3.363912415022726754e-01,1.049330383310028810e+04,6.275214694004790372e-01,6.781764914167074387e+00,1.081955087060930225e+02,5.050558200094669263e-03,1.009834600192539567e-01
1.415662650602409656e+01,5.969507043880786057e+01,8.954851317881800526e-03,1.574582135355424503e-02,1.501984338669947738e-01,3.333525041148075463e-01,1.043032531070090045e+04,6.423632989445541286e-01,7.505422042074810562e+00,1.286910126259238609e+02,6.235420132541552585e-03,1.011435294822062153e-01
1.425702811244979884e+01,5.717636873918779372e+01,9.090500791184326010e-03,1.537282728208808416e-02,1.446170461734773149e-01,3.299415658715663668e-01,1.035376289798708058e+04,6.568162914107854577e-01,8.299201710157706913e+00,1.527774895520875020e+02,7.708765116166354549e-03,1.013336628851609911e-01
1.435742971887550112e+01,5.449931951926019025e+01,9.238882654100119898e-03,1.496695522863127244e-02,1.389789651491817324e-01,3.261742958839099482e-01,1.026434050073117942e+04,6.709039265812793973e-01,9.168000239057779055e+00,1.809907545752792544e+02,9.551384287705804929e-03,1.015590721278204767e-01
1.445783132530120518e+01,5.163711063235921728e+01,9.400723948473906771e-03,1.452202306829031286e-02,1.332673292190793002e-01,3.220616709637215691e-01,1.016267470463167774e+04,6.846529402216169347e-01,1.011677262705388358e+01,2.139205014799773039e+02,1.187115740829409669e-02,1.018256836652488839e-01
1.455823293172690747e+01,4.855941229125375713e+01,9.580488251389535775e-03,1.403694976695588070e-02,1.274663719224615466e-01,3.176088219868792306e-01,1.004925464999858377e+04,6.980886143246920472e-01,1.115041286842740753e+01,2.522117712960836968e+02,1.482299608598556737e-02,1.021402862942042827e-01
1.465863453815260975e+01,4.523240209834617787e+01,9.786084932520033863e-03,1.349810382763720097e-02,1.215588884202947056e-01,3.128149400921887979e-01,9.924398746680333716e+03,7.112580127471552771e-01,1.227366082336215491e+01,2.965591072858673556e+02,1.862387890433367735e-02,1.025105499399869974e-01
1.475903614457831381e+01,4.161880792550606145e+01,1.002252198001346919e-02,1.288970805497897595e-02,1.155275221468805291e-01,3.076729072197184611e-01,9.788258718504643184e+03,7.242202346835622251e-01,1.349102464204763230e+01,3.477010794344676015e+02,2.358303775704870264e-02,1.029450617151904529e-01
1.485943775100401609e+01,3.767805472078915585e+01,1.028975110437738323e-02,1.219619843745246845e-02,1.093542297805684543e-01,3.021684265522980861e-01,9.640793155028140973e+03,7.370471229411907910e-01,1.480655307555961642e+01,4.064071359714520781e+02,3.019117119832164312e-02,1.034534215707466065e-01
1.495983935742971838e+01,3.335474132052393514e+01,1.058943359070363931e-02,1.140595437587773459e-02,1.030127013940721897e-01,2.962667072750171382e-01,9.481397625371979302e+03,7.498140494264938782e-01,1.622710499920482974e+01,4.737674252054491717e+02,3.971552207049498101e-02,1.040493577021632393e-01
1.506024096385542244e+01,2.862749331260848962e+01,1.093774594184929345e-02,1.049684877754711657e-02,9.649362439743867925e-02,2.899624030886955306e-01,9.310360509651811299e+03,7.626073735604125270e-01,1.774867424621723089e+01,5.500152824360466184e+02,5.321170417903912236e-02,1.047390155955875563e-01
1.516064257028112472e+01,2.344530721494833969e+01,1.134092581197752511e-02,9.436466783314298098e-03,8.976806335035965312e-02,2.832058521550894770e-01,9.126631214985318366e+03,7.755327381311672985e-01,1.937572587557902182e+01,6.361238926569709520e+02,7.405947078688326912e-02,1.055374055993349575e-01
1.526104417670682700e+01,1.778511485961349337e+01,1.181027274740070916e-02,8.191730625389548673e-03,8.280632972758152077e-02,2.759529634334124681e-01,8.929312597764266684e+03,7.887082516896679607e-01,2.110810811327069914e+01,7.327213214011985656e+02,1.102808432519058468e-01,1.064576510307945895e-01
1.536144578313252929e+01,1.167792632117683027e+01,1.235820848647408224e-02,6.725278102331509918e-03,7.557161468052203679e-02,2.681537726777541431e-01,8.717240879840319394e+03,8.022729959841620184e-01,2.294380296729665147e+01,8.403305939572832131e+02,1.846700739505914568e-01,1.075141974652287641e-01
1.546184738955823335e+01,5.445827126594632972e+00,1.299057254836906081e-02,5.017436014772528804e-03,6.802719621438250985e-02,2.597740556964328595e-01,8.489188567018391041e+03,8.163604430968900427e-01,2.487853537481678856e+01,9.592517668312808610e+02,3.921338502976901563e-01,1.087215187008839373e-01
1.556224899598393563e+01,9.251667180823834880e-01,1.364985591388916814e-02,3.199168695484253585e-03,6.017446752482721872e-02,2.508973681504881315e-01,8.244628384904997802e+03,8.309821216273759470e-01,2.690595636670202850e+01,1.089547218688046542e+03,1.203568127480621142e+00,1.100942298061696051e-01
1.566265060240963791e+01,1.325172274103212366e-01,1.417326221489941147e-02,1.808613144540057371e-03,5.221836927274730450e-02,2.419478654620911828e-01,7.986677321676730571e+03,8.456221747724433913e-01,2.901995947807617071e+01,1.231155333276956299e+03,3.182207363932814559e+00,1.116467424703308231e-01
1.576305220883534197e+01,5.867082559146966775e-02,1.463854536255440771e-02,1.005528224990391442e-03,4.458176520107240415e-02,2.332180104332855497e-01,7.721971526794215606e+03,8.596169424870762077e-01,3.121666523685717110e+01,1.384079855421591901e+03,5.685453255756236501e+00,1.133932199425345400e-01
1.586345381526104426e+01,3.175013956215529121e-02,1.510452025323781415e-02,5.586316381643762407e-04,3.756022172880028875e-02,2.247144250471783955e-01,7.455453702945538680e+03,8.727778474839062994e-01,3.349136757983746548e+01,1.548277013785680765e+03,8.579708563942130439e+00,1.153475297266780691e-01
1.596385542168674654e+01,1.863751096598905560e-02,1.557374865037567183e-02,3.106549860129999242e-04,3.128590922565983867e-02,2.164200902877495003e-01,7.190192455211934430e+03,8.850328693133565627e-01,3.583737708255296894e+01,1.723574397079290748e+03,1.187685005135842431e+01,1.175231870237855442e-01
1.606425702811245060e+01,1.143184650289513771e-02,1.604745794112943588e-02,1.731149160521655019e-04,2.579265642100259451e-02,2.083205593952460188e-01,6.928046402642296016e+03,8.963351006858415460e-01,3.824627802876315741e+01,1.909659369368151602e+03,1.559330161436534112e+01,1.199330544489924794e-01
1.616465863453815288e+01,7.196714443171867148e-03,1.652845641529180828e-02,9.677727643835422105e-05,2.105957825435049446e-02,2.004054625797146438e-01,6.670105804478197570e+03,9.066582973099152065e-01,4.070818476137440456e+01,2.106074715579833082e+03,1.974567087444762947e+01,1.225891485717321983e-01
1.626506024096385516e+01,4.606769625103677296e-03,1.702078191773442536e-02,5.431301458669796539e-05,1.703630895703588111e-02,1.926684043832858906e-01,6.416986871738388800e+03,9.159957746246853993e-01,4.321200512274428718e+01,2.312219514526453622e+03,2.434995148612529903e+01,1.255024205383595826e-01
1.636546184738955745e+01,2.978998236810916859e-03,1.752927463158255456e-02,3.059269415308532125e-05,1.365759647160009506e-02,1.851064184593164130e-01,6.169025678461064672e+03,9.243585203526425431e-01,4.574570129891060333e+01,2.527354727507649386e+03,2.942115144626729517e+01,1.286825568082074767e-01
1.646586345381525973e+01,1.937137851817349096e-03,1.805922581948915875e-02,1.728346286267057561e-05,1.085200595421378401e-02,1.777193219854778794e-01,5.926402704487983101e+03,9.317728846576288637e-01,4.829654402247070522e+01,2.750611115536675243e+03,3.497299374673796279e+01,1.321377801696114185e-01
1.656626506024096201e+01,1.264415667629944671e-03,1.861612447113191599e-02,9.807812584993481819e-06,8.547697242824399411e-03,1.705092067992850791e-01,5.689227468884831069e+03,9.382770567521017124e-01,5.085136263635197196e+01,2.981006707584755532e+03,4.101811544516254315e+01,1.358749425900433738e-01
1.666666666666666785e+01,8.261852537656429445e-04,1.920535951581620396e-02,5.591562645588437053e-06,6.672975400729991118e-03,1.634791714227087078e-01,5.457567312837190002e+03,9.439226530180950814e-01,5.339657338158225031e+01,3.217413916960342704e+03,4.756601474706577903e+01,1.398983083222178347e-01
1.676706827309237013e+01,5.398701122634718677e-04,1.983211200028822327e-02,3.225295139912385885e-06,5.165515856061784691e-03,1.566333754291027724e-01,5.231498889172338750e+03,9.487622111907008104e-01,5.591934251710723203e+01,3.458698374991378842e+03,5.462511146863776190e+01,1.442108885067773238e-01
1.686746987951807242e+01,3.525800356380814232e-04,2.050148905108049174e-02,1.885438490678392554e-06,3.965722312093794902e-03,1.499762656860144372e-01,5.011100246349064946e+03,9.528546488084699284e-01,5.840679188633190932e+01,3.703629080803419583e+03,6.220147860043525867e+01,1.488136367638485669e-01
1.696787148594377470e+01,2.299948455363482337e-04,2.121822790106166895e-02,1.101227120649225399e-06,3.017723942921359849e-03,1.435124587745157110e-01,4.796463255005779502e+03,9.562648301268359408e-01,6.084579004795053692e+01,3.950849406036701112e+03,7.029893303313012609e+01,1.537053633494021299e-01
1.706827309236947698e+01,1.490176523446777471e-04,2.198662707831734037e-02,6.476382618144647812e-07,2.277078193486292181e-03,1.372457412021853840e-01,4.587679082309115984e+03,9.590519047626472338e-01,6.322501176504450626e+01,4.199088736100939059e+03,7.891829221026927144e+01,1.588828039712686935e-01
1.716867469879517927e+01,9.695159310846354747e-05,2.281071715750595738e-02,3.949114346685539411e-07,1.707389451308747013e-03,1.311791060842397161e-01,4.384833001066869656e+03,9.612691103782885493e-01,6.553470491217393601e+01,4.447175042389353621e+03,8.805826056010235448e+01,1.643413211223540560e-01
1.726907630522088510e+01,6.289457418166231059e-05,2.369456605406547109e-02,2.445158264234936779e-07,1.270901276336773404e-03,1.253153733819206972e-01,4.188022359426795447e+03,9.629779697166048757e-01,6.776403862050868554e+01,4.693720946469711635e+03,9.771497780415759848e+01,1.700736586871667844e-01
1.736947791164658739e+01,4.026314661622311321e-05,2.464168827068754369e-02,1.511587208700436566e-07,9.389265909554618409e-04,1.196561647390771421e-01,3.997328278380115080e+03,9.642318015392767894e-01,6.990404926911159578e+01,4.937470835944147439e+03,1.078820563913810844e+02,1.760710523530345240e-01
1.746987951807228967e+01,2.621181769236775855e-05,2.565537255025939975e-02,9.348704268009956375e-08,6.887260212877007338e-04,1.142020286861346462e-01,3.812815600826877471e+03,9.650785690434214859e-01,7.194704199211084017e+01,5.177239400659140301e+03,1.185505449619076330e+02,1.823230399665296264e-01
1.757028112449799195e+01,1.671297165738542954e-05,2.673885054716054754e-02,5.827279876276358838e-08,5.018374382764793310e-04,1.089525183525897056e-01,3.634529792915045618e+03,9.655616403595371766e-01,7.388640697963434434e+01,5.411903675222267339e+03,1.297090791250748509e+02,1.888175776652182836e-01
1.767068273092369424e+01,1.074608258618826964e-05,2.789523516245400597e-02,3.666712502299884060e-08,3.633862287429681366e-04,1.039062485673352548e-01,3.462493972659193787e+03,9.657197423040230211e-01,7.571661534101180280e+01,5.640416688329093631e+03,1.413440913500434704e+02,1.955412729309609077e-01
1.777108433734939652e+01,6.990912228105663283e-06,2.912757293135386991e-02,2.306519241724398958e-08,2.614302872116974004e-04,9.906100967559304526e-02,3.296708878556594755e+03,9.655872004798106145e-01,7.743314815618938951e+01,5.861813031502571903e+03,1.534400960577032151e+02,2.024796455577215770e-01
1.787148594377509880e+01,4.386099077630213862e-06,3.043891661826403708e-02,1.453202074007531647e-08,1.869629671229814879e-04,9.441370812806107460e-02,3.137148735024646612e+03,9.651933252069618829e-01,7.903263603980732910e+01,6.075228585475301770e+03,1.659795298859533546e+02,2.096171144221628813e-01
1.797188755020080464e+01,2.823944118398708073e-06,3.183236650194992690e-02,9.242236381674414285e-09,1.330327888345893609e-04,8.996055975448205566e-02,2.983763932719686181e+03,9.645631787567009452e-01,8.051269573612995600e+01,6.279896749313291366e+03,1.789431700866530548e+02,2.169373257984750780e-01
1.807228915662650692e+01,1.959015054634848210e-06,3.331109956789231330e-02,5.989724542181155573e-09,9.427867014952196964e-05,8.569719787977669867e-02,2.836482025261709623e+03,9.637179025171348501e-01,8.187187468930362400e+01,6.475152799460804999e+03,1.923103476217179093e+02,2.244233678410824107e-01
1.817269076305220921e+01,1.114949542316782958e-06,3.487840283363855681e-02,3.927975894372619415e-09,6.660651664684850471e-05,8.161878189280900864e-02,2.695210180744203171e+03,9.626751361512555505e-01,8.310956844514097952e+01,6.660431872709060372e+03,2.060591770121739614e+02,2.320579588560529039e-01
1.827309236947791149e+01,7.058088721836624480e-07,3.653768824950752447e-02,2.599056592717236848e-09,4.697101995731101272e-05,7.772007898398308745e-02,2.559837391020625546e+03,9.614493557948498026e-01,8.422594922818480256e+01,6.835265588753381962e+03,2.201667391760616397e+02,2.398235893070387870e-01
1.837349397590361377e+01,4.174896067572725102e-07,3.829248446713900966e-02,1.721707079618011987e-09,3.306642596475252996e-05,7.399557657146758893e-02,2.430237641917512519e+03,9.600524032822838061e-01,8.522185128214252359e+01,6.999275257106968638e+03,2.346093451740422893e+02,2.477027161751978734e-01
1.847389558232931606e+01,3.361240447266548749e-07,4.014650246803914274e-02,1.153124247947341751e-09,2.325791789187417306e-05,7.043951395311906505e-02,2.306269953172812166e+03,9.584933633615198012e-01,8.609879290067343049e+01,7.152180092509413953e+03,2.493626000788412398e+02,2.556778892088478750e-01
1.857429718875501834e+01,-6.399708852221931137e-07,4.210361342322127554e-02,7.093069014621088877e-10,1.641831395189905548e-05,6.704595661675703810e-02,2.187780982504578787e+03,9.567789668470247921e-01,8.685888335265875071e+01,7.293789325172721874e+03,2.644015934979329359e+02,2.637318742545621819e-01
1.867469879518072418e+01,-2.439735240400674694e-07,4.416800785630953241e-02,4.259137039197397493e-10,1.155362049218657343e-05,6.380896607287324385e-02,2.074612474182607002e+03,9.549145076585078273e-01,8.750458002903997112e+01,7.423972438786108796e+03,2.797013417631746393e+02,2.718477898586730834e-01
1.877510040160642646e+01,8.286726749297440538e-08,4.635237636676014378e-02,2.927623785092259771e-10,8.128784183704219706e-06,6.073921942103779198e-02,1.967166312919179063e+03,9.528919047848022350e-01,8.802628527382668722e+01,7.541347293382051248e+03,2.952603277310878411e+02,2.800121030384619125e-01
1.887550200803212874e+01,4.717829545283849646e-08,4.863671082602295109e-02,1.969616686862886102e-10,5.572299387906777987e-06,5.779526584663643995e-02,1.864056503053997631e+03,9.507447383536096197e-01,8.845379617457450649e+01,7.648679361783023523e+03,3.109973656815735126e+02,2.881982062545397349e-01
1.897590361445783103e+01,3.089592167405746933e-08,5.104394228891640656e-02,1.303382190318880180e-10,3.773316849988332409e-06,5.498905700526829365e-02,1.765726482879716059e+03,9.484506625074514696e-01,8.877756484516233115e+01,7.744714995884610289e+03,3.269160970230142311e+02,2.963969556039760533e-01
1.907630522088353331e+01,1.576785694715803162e-08,5.357836507495566947e-02,8.597582391380113988e-11,2.564321650796416514e-06,5.231638704008674534e-02,1.672048189572014735e+03,9.460084683515090909e-01,8.900037571070836862e+01,7.829555250117591640e+03,3.429986747007341137e+02,3.045978638495397961e-01
1.917670682730923559e+01,1.323917295620585141e-08,5.624736071148109251e-02,5.515448907582912483e-11,1.686936767679487463e-06,4.976868813374926009e-02,1.582754103684856773e+03,9.434161957938589360e-01,8.912835723327302162e+01,7.903498016651576108e+03,3.592086145099362398e+02,3.127803206147196091e-01
1.927710843373493788e+01,9.234255174866881855e-09,5.905242645836755733e-02,3.770760125826311559e-11,1.179215654056934701e-06,4.734444423212534614e-02,1.497791369914238203e+03,9.406722953461678083e-01,8.916320810479980707e+01,7.966721808925550249e+03,3.755393989238361314e+02,3.209418425210575077e-01
1.937751004016064371e+01,5.886455268980342504e-09,6.199906462489414988e-02,2.746927430761955907e-11,8.688999544529015259e-07,4.503783695020920769e-02,1.416978756509433879e+03,9.377748971893908880e-01,8.910912243894888718e+01,8.019435375647076398e+03,3.919662543079014654e+02,3.290685024991700791e-01
1.947791164658634600e+01,3.695078500914716960e-09,6.509287384471863780e-02,2.197190285105232978e-11,6.905952008365639990e-07,4.284318663665639265e-02,1.340131599096167747e+03,9.347206184630215686e-01,8.897091899047062213e+01,8.061993880224161330e+03,4.084649617051287009e+02,3.371482995232847890e-01
1.957831325301204828e+01,3.046315310622236562e-09,6.833939749688071330e-02,1.948939811311216359e-11,5.996454512046005589e-07,4.075491544447143455e-02,1.267067057599139616e+03,9.315058374675182495e-01,8.875346781407536412e+01,8.094774918775678998e+03,4.250117299019971142e+02,3.451697532773795873e-01
1.967871485943775056e+01,3.264220846345264163e-09,7.174489178486273544e-02,1.576551314098748972e-11,4.826731872813582859e-07,3.876700210636540439e-02,1.197592659277227085e+03,9.281271616752033715e-01,8.846159079271463099e+01,8.118097123365848347e+03,4.415809321273624732e+02,3.531196220629445048e-01
1.977911646586345285e+01,2.084809995619811850e-09,7.531528301805541503e-02,1.413290649047258198e-11,4.292225021907368360e-07,3.687597738853163470e-02,1.131585283604459391e+03,9.245780073407878774e-01,8.809925257849005220e+01,8.132402709918254914e+03,4.581579232022828592e+02,3.609935203337982235e-01
1.987951807228915513e+01,-6.573545339580916216e-10,7.905656168283498042e-02,1.092488082088975111e-11,3.421049604469855520e-07,3.507585601366892264e-02,1.068852473109839138e+03,9.208550664913245365e-01,8.767134147018093415e+01,8.138026984755329067e+03,4.747172023437184976e+02,3.687784199431216048e-01
1.997991967871486096e+01,5.096771051528780415e-10,8.297522679083783881e-02,8.886119066352619117e-12,2.761740923679582440e-07,3.336340308357849810e-02,1.009278436875684861e+03,9.169512634344996194e-01,8.718164578092046213e+01,8.135413068560663305e+03,4.912454729003562761e+02,3.764711721830206748e-01
2.008032128514056325e+01,6.324505117559282303e-09,8.707737872644449872e-02,7.504609320832264097e-12,2.137534216589434979e-07,3.173387639205327293e-02,9.527051872285001082e+02,9.128616260526145609e-01,8.663457537445636092e+01,8.124946872021038871e+03,5.077226799670618789e+02,3.840631245382789549e-01
2.018072289156626553e+01,1.145825385113253247e-08,9.136918555218230542e-02,6.312448474073593414e-12,1.579911022527692174e-07,3.018381131129446379e-02,8.990119162371830726e+02,9.085801396372654715e-01,8.603388371617113251e+01,8.107044513596888464e+03,5.241349948952437217e+02,3.915505781018959186e-01
2.028112449799196781e+01,1.080350498773360108e-08,9.585684846308037410e-02,5.099684650006101461e-12,1.182767229238776605e-07,2.870989406490640633e-02,8.480820744158804700e+02,9.041005974836093806e-01,8.538325882370537556e+01,8.082127379763752288e+03,5.404692778666138793e+02,3.989303920117081015e-01
2.038152610441767010e+01,6.791318211903373777e-09,1.005465249735322253e-01,3.896138952680202304e-12,8.607251515062330971e-08,2.730744768310472068e-02,7.997592916491557844e+02,8.994178271603469055e-01,8.468710278427906246e+01,8.050586555585238784e+03,5.567056929703904871e+02,4.061941093581266649e-01
2.048192771084337238e+01,-1.004349699363817933e-10,1.054445292203233242e-01,2.653919655963757611e-12,6.082518355872412683e-08,2.597277493999107165e-02,7.539166398836559893e+02,8.945258853704065594e-01,8.394923556060331293e+01,8.012823285938573463e+03,5.728293580686224686e+02,4.133370817782998086e-01
2.058232931726907466e+01,-6.568490793659047433e-10,1.105580030432423422e-01,1.508800807400681796e-12,4.139055854403994590e-08,2.470438597994614391e-02,7.104966428830914538e+02,8.894169876998847535e-01,8.317190428237667277e+01,7.969217652946063026e+03,5.888370873339702030e+02,4.203631954784780023e-01
2.068273092369478050e+01,1.911416762693609071e-09,1.158929111460879208e-01,3.353521439170943262e-13,2.746479525528356638e-08,2.349765168726706405e-02,6.693430519854006207e+02,8.840859681195842867e-01,8.235959291828271489e+01,7.920179835806345181e+03,6.047090607742804877e+02,4.272641990401701562e-01
2.078313253012048278e+01,8.699898626667665278e-09,1.214556261801039150e-01,-9.013338098557336383e-13,1.845282646805469749e-08,2.234903088608415980e-02,6.303338490330232844e+02,8.785267531746908665e-01,8.151601023961229942e+01,7.866109583295822631e+03,6.204312231222085074e+02,4.340360474518353273e-01
2.088353413654618507e+01,8.813118554900403046e-09,1.272500617274968659e-01,-9.025507349325080665e-13,1.246588772297318742e-08,2.125713877723128115e-02,5.934145531991009648e+02,8.727351085588292978e-01,8.064294085856514016e+01,7.807307720662905922e+03,6.360015954491066168e+02,4.406824679252317467e-01
2.098393574297188735e+01,1.257084093262101296e-09,1.332821619273861780e-01,5.291865881740820615e-13,8.683474875266134922e-09,2.021880995044296470e-02,5.584749152372447725e+02,8.667052813032686265e-01,7.974375824657360567e+01,7.744156758481034558e+03,6.514082268846506167e+02,4.472007698198705028e-01
2.108433734939758963e+01,-1.369045837670476692e-08,1.395581317219884709e-01,3.449923426492250651e-12,6.422290275913884695e-09,1.923065029519599109e-02,5.253975230501071110e+02,8.604313233835060304e-01,7.882203994687213822e+01,7.677049698921110576e+03,6.666378857703466565e+02,4.535874381914812292e-01
2.118473895582329192e+01,-1.826597635685552186e-08,1.460799473385467340e-01,3.409795457988908003e-12,5.445305383184000346e-09,1.829095433937192802e-02,4.941183012478218188e+02,8.539111883761175692e-01,7.787963975564639441e+01,7.606256437913366426e+03,6.816871351753151203e+02,4.598445684914320708e-01
2.128514056224899420e+01,-7.886279519175803563e-09,1.528521507839410987e-01,-8.483842794888865462e-13,5.064521272111190199e-09,1.739712827551870983e-02,4.645450493113661423e+02,8.471404127034168896e-01,7.691935041599367651e+01,7.532118395004676131e+03,6.965473354409740523e+02,4.659713752459971325e-01
2.138554216867470004e+01,2.693100309460684270e-08,1.598783303555249558e-01,-1.176853241552531688e-11,4.759566332547541259e-09,1.654690849362548330e-02,4.365960209334659226e+02,8.401154312526575296e-01,7.594361566106422856e+01,7.454950404156136756e+03,7.112117807813577883e+02,4.719681438316789546e-01
2.148594377510040232e+01,8.537583578201549893e-08,1.671633008525070518e-01,-2.892616958450125529e-11,3.808658052531186485e-09,1.573757971654133475e-02,4.101752145252386867e+02,8.328315318271104495e-01,7.495534943936620209e+01,7.375102019332084637e+03,7.256711281865182173e+02,4.778336704581274130e-01
2.158634538152610460e+01,5.669552196597365427e-08,1.747036537651652233e-01,-1.095896636631666711e-11,3.475329151877073370e-09,1.496824358704455273e-02,3.852458579528062046e+02,8.252920683478049968e-01,7.395527135108198991e+01,7.292713769688295542e+03,7.399269831888345834e+02,4.835717141458051871e-01
2.168674698795180689e+01,-3.768652327970224557e-08,1.825046765409951421e-01,3.485361095251565648e-11,2.867223506857247692e-09,1.423618812625626964e-02,3.617117777781948007e+02,8.174918316302295374e-01,7.294633624555544316e+01,7.208145110052773816e+03,7.539699722884560060e+02,4.891812324362309616e-01
2.178714859437750917e+01,-2.251289984953793277e-07,1.905677072192014376e-01,1.195416298760284050e-10,2.031209065707833682e-09,1.353960118024925482e-02,3.395060632295224536e+02,8.094294779734263479e-01,7.193042356474278165e+01,7.121654573114300547e+03,7.677961315006856466e+02,4.946636791678880041e-01
2.188755020080321145e+01,-5.356297728706920658e-07,1.988933589007573499e-01,2.553726223088213619e-10,1.164148077387595382e-09,1.287687851222262848e-02,3.185684575767521665e+02,8.011043599662349690e-01,7.090918153493753096e+01,7.033481328131904775e+03,7.814027274035942128e+02,5.000211436000088217e-01
2.198795180722891729e+01,-6.525871391280528994e-07,2.074679617401129217e-01,3.283381186007703055e-10,-2.395824325100685394e-10,1.224586470720741109e-02,2.988110811071932744e+02,7.925303442828519618e-01,6.988456296897258824e+01,6.943841497327885008e+03,7.947839643233788820e+02,5.052526978056199880e-01
2.208835341365461957e+01,-6.544565719144272833e-07,2.162923552500664037e-01,3.689461200104442788e-10,-1.577732545280347799e-09,1.164546521586195052e-02,2.801912231254930816e+02,7.837064676837834920e-01,6.885768741617468436e+01,6.852935978536459515e+03,8.079401007196946694e+02,5.103621534873470367e-01
2.218875502008032186e+01,-4.747795202390289650e-07,2.253609257534515686e-01,3.550677164964445887e-10,-2.458230214792815995e-09,1.107447268858798711e-02,2.626583449524055141e+02,7.746383012310573690e-01,6.782966958637051391e+01,6.760944749839982251e+03,8.208708119029221280e+02,5.153524145439506432e-01
2.228915662650602414e+01,-3.360979757217900055e-08,2.346667085663892705e-01,2.599232699741722739e-10,-2.378374062079074856e-09,1.053185264015162222e-02,2.461669791395294453e+02,7.653327503411830879e-01,6.680141771547553731e+01,6.668028255793047720e+03,8.335768055168026649e+02,5.202268516284186406e-01
2.238955823293172642e+01,2.424000492443293196e-07,2.442130544364472244e-01,1.995112115852191154e-10,-2.461058256187878055e-09,1.001551969844122723e-02,2.306558671936489304e+02,7.557866201673719697e-01,6.577486424882160065e+01,6.574404662046892554e+03,8.460525247585261468e+02,5.249845743744430138e-01
2.248995983935742871e+01,3.625609284229332021e-07,2.539925473765267672e-01,1.657246537205163333e-10,-2.286622298419451842e-09,9.524572316232104985e-03,2.160862843989626469e+02,7.460072731958903303e-01,6.475072090146913695e+01,6.480209330620150467e+03,8.582994706527155131e+02,5.296290725491814566e-01
2.259036144578313099e+01,2.018436342325470060e-07,2.639997605707593009e-01,1.878309725226094585e-10,-1.809761542776175712e-09,9.057940643856584803e-03,2.024188511265467980e+02,7.360001302289419511e-01,6.372983697401038938e+01,6.385579845328045849e+03,8.703181413202693193e+02,5.341629876658670062e-01
2.269076305220883683e+01,-4.841766997647289677e-09,2.742245959829871516e-01,2.120644956448547343e-10,-1.200288595537212702e-09,8.614313275067984194e-03,1.895979179794105107e+02,7.257753181959387678e-01,6.271332116652413191e+01,6.290670578790814034e+03,8.821074554771117846e+02,5.385879467272084442e-01
2.279116465863453911e+01,-8.885754221593442051e-08,2.846570292151009429e-01,2.010125474294479427e-10,-6.392397070117013742e-10,8.192483239787192242e-03,1.775731421970778570e+02,7.153428884279758870e-01,6.170214146482184958e+01,6.195620084068693359e+03,8.936669673739681912e+02,5.429057726400078332e-01
2.289156626506024139e+01,-1.067573350291980382e-09,2.952873574359006215e-01,1.457081876316826791e-10,-2.829612065323064497e-10,7.791371601741961007e-03,1.663008919982351586e+02,7.047125640930502755e-01,6.069710122131452579e+01,6.100549462842667708e+03,9.049970044604310715e+02,5.471185690356920039e-01
2.299196787148594368e+01,-1.277642455084130908e-09,3.061030893681540022e-01,1.040508410071862926e-10,6.675713156141402374e-11,7.409972733625383445e-03,1.557373849652302624e+02,6.938968209365061757e-01,5.969895925843412243e+01,6.005577764560921423e+03,9.160981000801964456e+02,5.512285816614217460e-01
2.309236947791164596e+01,6.763082067379501017e-09,3.170911401497457649e-01,5.585055124730375922e-11,2.461721202233115950e-10,7.047243379059059225e-03,1.458368644298558081e+02,6.829087672693106015e-01,5.870845664117837259e+01,5.910814261500855537e+03,9.269706750935779382e+02,5.552377226063216487e-01
2.319277108433734824e+01,1.588427208892544213e-08,3.282385070493771817e-01,3.714915219303046933e-12,2.590303832391680596e-10,6.702243240165684304e-03,1.365594658874598792e+02,6.717614091010642996e-01,5.772623369029291496e+01,5.816359247653129387e+03,9.376156283798359254e+02,5.591481173441676944e-01
2.329317269076305053e+01,3.192901955498214491e-08,3.395333710730105703e-01,-5.253122066335212687e-11,1.977111753594746203e-10,6.374133498347995391e-03,1.278730822442031041e+02,6.604665556918324354e-01,5.675282529488798389e+01,5.722302929665209376e+03,9.480343512409045843e+02,5.629620871298857132e-01
2.339357429718875636e+01,2.892860543248972923e-08,3.509603825653802023e-01,-1.059475272623073286e-10,8.716365393821824393e-11,6.062062287351578302e-03,1.197396395490466716e+02,6.490395575905822945e-01,5.578874939945429645e+01,5.628728909695420953e+03,9.582281689307613988e+02,5.666817478574698308e-01
2.349397590361445864e+01,2.811983135814816712e-08,3.625059965577862031e-01,-1.623367076852242160e-10,-7.397745938683627334e-11,5.765239046707081906e-03,1.121266707269853953e+02,6.374939608808846137e-01,5.483446923458195243e+01,5.535715352174031068e+03,9.681986365830173327e+02,5.703092756613347136e-01
2.359437751004016093e+01,3.492254958252347671e-08,3.741555460794555588e-01,-2.233294855805587544e-10,-2.416872084290621624e-10,5.482932174189721931e-03,1.050037202555295721e+02,6.258444282065849240e-01,5.389037064741791738e+01,5.443330790299147338e+03,9.779476106799114632e+02,5.738468922602688593e-01
2.369477911646586321e+01,4.527780887815937174e-08,3.858937542987512792e-01,-2.825397060204729908e-10,-3.543152771242252653e-10,5.214457060143127057e-03,9.834209938548511332e+01,6.141062299904723742e-01,5.295677986348044186e+01,5.351636022429664990e+03,9.874771629383320715e+02,5.772968281114763123e-01
2.379518072289156549e+01,3.377950388442616214e-08,3.977067107585417483e-01,-2.739169750711714870e-10,-4.460430189151282800e-10,4.959097809260026163e-03,9.211170221344289644e+01,6.022932844771600180e-01,5.203406742669633189e+01,5.260694485997394622e+03,9.967890607332158197e+02,5.806610840902350912e-01
2.389558232931726778e+01,-1.252357692038673115e-09,4.095787941307597602e-01,-1.791158498076773988e-10,-4.655909607670935180e-10,4.716252632732371476e-03,8.628760282177918839e+01,5.904212072057537508e-01,5.112246043582292998e+01,5.170553866723612373e+03,1.005885713245803458e+03,5.839418729651404405e-01
2.399598393574297006e+01,-3.980123558101443396e-08,4.214959463485920543e-01,-5.676403518704718786e-11,-4.346423480195899595e-10,4.485285514487981177e-03,8.084343781532068363e+01,5.785040578455347138e-01,5.022223694045623432e+01,5.081265747923393974e+03,1.014769206057169527e+03,5.871411979631805389e-01
2.409638554216867590e+01,-5.112577930324128553e-08,4.334444137746150671e-01,1.121727410181966110e-12,-3.945538532812860421e-10,4.265580064971497519e-03,7.575373779624320036e+01,5.665555929632104526e-01,4.933365435961292178e+01,4.992878213468875401e+03,1.023441652912634027e+03,5.902609991296797753e-01
2.419678714859437818e+01,-4.842899928231854906e-08,4.454083251862149262e-01,4.531766233610688237e-11,-3.255889487189951050e-10,4.056634063630323167e-03,7.099780550312640059e+01,5.545916820719594131e-01,4.845682078036853824e+01,4.905422066060325051e+03,1.031905817086073284e+03,5.933033901726342263e-01
2.429718875502008046e+01,-2.412479473549898376e-08,4.573725596700538021e-01,6.077679647493697481e-11,-2.425532364633043125e-10,3.857947511664408351e-03,6.655512372731220694e+01,5.426274468007233898e-01,4.759184735244920716e+01,4.818927146097388686e+03,1.040164375625774028e+03,5.962703780166048739e-01
2.439759036144578275e+01,6.476851410356697960e-09,4.693235589379534667e-01,6.857106933527968828e-11,-1.403503990564502071e-10,3.668992778189259819e-03,6.240388622290415555e+01,5.306764455172180428e-01,4.673889628697077114e+01,4.733428635716127246e+03,1.048219706826667789e+03,5.991638358759560079e-01
2.449799196787148503e+01,1.581089720057154417e-08,4.812485815908472686e-01,1.088045794144837408e-10,-5.231021495450690926e-12,3.489242888225323625e-03,5.852226638223564237e+01,5.187514194694857750e-01,4.589813908816237387e+01,4.648962070409677835e+03,1.056074083377009174e+03,6.019855529191988630e-01
2.459839357429718731e+01,1.384844930624557455e-08,4.931322136899387587e-01,1.606616882262135373e-10,1.325722114108378151e-10,3.318303887126677117e-03,5.489435358932963993e+01,5.068677841121689287e-01,4.506956111232675966e+01,4.565539997532616326e+03,1.063730576125329208e+03,6.047374666571050383e-01
2.469879518072289315e+01,-7.378194230338615648e-09,5.049602565096801277e-01,2.314855588719907456e-10,2.574881081793849992e-10,3.155767366531483410e-03,5.150353922176614674e+01,4.950397392395043950e-01,4.425317931880136513e+01,4.483177982267348852e+03,1.071192047146975028e+03,6.074214040271013193e-01
2.479919678714859543e+01,-3.895152872857348913e-08,5.167201118689127570e-01,3.033661652034463491e-10,3.598961502435389100e-10,3.001227168905289035e-03,4.833428567302985357e+01,4.832798833547985451e-01,4.344901994385688226e+01,4.401892318066957159e+03,1.078461261749287132e+03,6.100391264253369750e-01
2.489959839357429772e+01,-4.127783286029731792e-08,5.284019496125291759e-01,3.128882407595160074e-10,4.427695887935823530e-10,2.854258754195704729e-03,4.537197112879273675e+01,4.715980454860712046e-01,4.265715073276864899e+01,4.321704160707339724e+03,1.085540746040799604e+03,6.125923053407692498e-01
2.500000000000000000e+01,-4.359215237143263574e-12,5.399939739266702565e-01,2.332454819946637660e-10,4.947402665897777871e-10,2.714502860035675202e-03,4.260351893881232144e+01,4.600060217200043766e-01,4.187755025128245734e+01,4.242622766310998486e+03,1.092433364432840108e+03,6.150826211494856421e-01
