-1.260307315168272546e-01
-2.944538461164824539e-01
-6.274865809621019697e-01
-1.523703990817636689e-01
3.104108041337050317e+00
1.995787007384099532e+00
4.977651879445683214e+00
1.662371707614463290e+00
7.363181890571236510e-01
9.349337161442813349e-01
1.197874583095816514e-01
3.029166130631465226e+00
2.403474797884478098e-01
1.090165853859482947e+00
1.039097615622396331e+00
-2.368244885098591546e+00
1.052437784289232958e+00
3.195097596893057279e+00
-1.519153178197505949e-01
8.895435764147787694e-01
2.380966956544972923e+00
-4.221908750516512598e-01
9.612967603599600341e-01
-5.540377694624961435e+01
-6.740526371186026378e-01
9.730224554396331715e-01
-3.619486411066397680e-01
-1.135794131244236116e+00
9.427065217029664268e-01
2.098010393418061059e-01
-1.526873918141069097e+00
1.016017199687279993e+00
3.614107223683541981e-01
-1.971717256133480589e+00
1.439500550885116859e+00
2.639022044347874574e-01
-2.299135045798053945e+00
1.609767998627256169e+00
3.834752164105272865e-01
-2.113775008485774265e+00
4.368889518663196525e-01
4.800644458624492295e-01
-1.922210521071441525e+00
9.257290294740830872e-01
5.629368853108427384e-01
-1.857317962865987271e+00
1.001354933380877110e+00
6.205449063450826364e-01
-1.203330774600421371e+00
1.070493889408869581e+00
6.496476866530641603e-01
-7.292874520025349749e-01
1.017160425724755290e+00
6.434232666276382684e-01
-6.765425401951949969e-01
1.062220334037570435e+00
-2.168514674398888786e+00
-3.497740778515055493e-01
1.073516900969990306e+00
9.895923856048524314e+00
-1.896593077861377097e-01
1.038007206023515483e+00
8.007356383137655964e-01
-4.372596351309041007e-01
1.746789053111941215e+00
-2.964210773688926182e+01
-1.035620190332870783e+00
1.349670457238236754e+00
1.486556754773126876e+00
-4.075578792911427328e+00
1.114878170471938379e+00
9.561450580343903161e-01
1.296847437551509330e+01
6.167795847000903109e-01
5.618398903767071184e-01
4.364330449447436422e+00
-6.241511979650158359e-01
3.002592824966723306e+00
-6.940202924376179361e+00
4.059568837215450920e-01
2.887178329990727654e+00
1.587860796152163190e-01
-1.163253343577228982e+01
2.796384282470969040e+00
-1.402840256082762860e+00
-1.886938912370161425e+00
2.487573631707218791e+00
-2.459319259768953714e+00
-1.597820681892206496e+00
2.161164245900339065e+00
-1.851853354918165717e+00
-8.629416734468619010e-01
5.764137937729705286e-01
-1.069314575070469342e+00
-3.269312711208898214e-01
-1.299967636130002013e+01
-3.285589274130540360e-01
7.977187446933241333e+00
9.034138126055513140e-01
3.054388730861634094e-01
4.066563771087331247e+00
1.815657086459675273e+00
4.722546040177062476e-01
3.255141220662826296e+00
2.840747807203752195e+00
5.267180488349552103e-01
2.830593189050804259e+00
6.136247080698306711e+00
3.399298129847193040e-01
2.509884977526269711e+00
1.102908215994882424e+00
1.975620525995815502e+00
1.859648547296585575e+00
-6.044495150290984942e-01
1.527930870908771555e+00
1.007799670296157135e+00
-1.330842189908098838e+01
1.259152462452118426e+00
1.009120618787680002e+00
1.788201926440107892e+00
9.225240527238005583e-01
9.366379391003364363e-01
1.186166895675121680e+00
5.207232600906994691e-01
8.321133760157877202e-01
1.010705793596167190e+00
1.618327586329475487e-01
5.261684492556234494e-01
8.455162889477190191e-01
-7.105378756690641229e-01
-2.067521049865417293e-01
6.018217282910054422e-01
2.687575596221080776e+00
1.766122724917236209e+00
-4.486685666588454691e-01
5.833746733002974638e-01
1.323284588363517811e+00
3.037906921628730661e+00
1.310452148404605666e+00
2.077420354826574833e+00
-2.898723094598274486e-01
1.196300976023709106e+00
1.640146060578566267e+00
-9.710733231428906320e-01
9.931371615815067777e-01
1.297538498182719380e+00
-4.037278149863744225e+00
7.696813875686546735e-01
1.072779613283636913e+00
4.111461013906258621e+00
6.464454930370273633e-01
9.987791146680448096e-01
1.929089400767788565e+00
5.550674320225555958e-01
9.503681498030445152e-01
1.523071245430084319e+00
5.704157486937120325e-01
9.232824951137070801e-01
1.304213605663151254e+00
5.596833408165899915e-01
8.710556647429953392e-01
1.150596552971088649e+00
8.282613642532291598e-01
3.681662238544119448e-01
1.005265090229792602e+00
9.051392909638819040e-01
2.037229582228763380e+00
8.570138787055611163e-01
1.039197330404489028e+00
1.439680252626964752e+00
6.464351923125675192e-01
1.182239460695113209e+00
1.324325983250581151e+00
1.204056220334210670e+00
1.240482047350555117e+00
4.088791124349164363e+00
1.000058720361837183e+00
1.185717462624976237e+00
1.680045756865470308e+00
